0
2
4
7
9
11
14
16
19
21
24
27
29
32
35
38
41
44
47
51
54
57
61
64
68
71
75
79
82
86
90
94
98
102
107
111
115
119
124
128
133
137
142
147
152
157
161
166
171
177
182
187
192
198
203
209
214
220
225
231
237
243
249
255
261
267
273
279
286
292
298
305
311
318
325
331
338
345
352
359
366
373
380
388
395
402
410
417
425
432
440
448
456
464
472
480
488
496
504
512
520
529
537
546
554
563
572
580
589
598
607
616
625
634
643
653
662
671
681
690
700
710
719
729
739
749
759
769
779
789
799
809
820
830
841
851
862
872
883
894
905
915
926
937
949
960
971
982
993
1005
1016
1028
1039
1051
1063
1075
1086
1098
1110
1122
1134
1146
1159
1171
1183
1196
1208
1221
1233
1246
1259
1271
1284
1297
1310
1323
1336
1349
1363
1376
1389
1403
1416
1430
1443
1457
1471
1484
1498
1512
1526
1540
1554
1568
1583
1597
1611
1626
1640
1655
1669
1684
1699
1713
1728
1743
1758
1773
1788
1803
1819
1834
1849
1865
1880
1896
1911
1927
1943
1959
1974
1990
2006
2022
2038
2055
2071
2087
2103
2120
2136
2153
2170
2186
2203
2220
2237
2254
2271
2288
2305
2322
2339
2356
2374
2391
2409
2426
2444
2461
2479
2497
2515
2533
2551
2569
2587
2605
2623
2642
2660
2679
2697
2716
2734
2753
2772
2790
2809
2828
2847
2866
2885
2905
2924
2943
2963
2982
3001
3021
3041
3060
3080
3100
3120
3140
3160
3180
3200
3220
3240
3261
3281
3301
3322
3343
3363
3384
3405
3425
3446
3467
3488
3509
3530
3552
3573
3594
3616
3637
3659
3680
3702
3723
3745
3767
3789
3811
3833
3855
3877
3899
3922
3944
3966
3989
4011
4034
4056
4079
4102
4125
4148
4171
4194
4217
4240
4263
4286
4310
4333
4357
4380
4404
4427
4451
4475
4499
4522
4546
4570
4595
4619
4643
4667
4692
4716
4740
4765
4790
4814
4839
4864
4888
4913
4938
4963
4988
5014
5039
5064
5089
5115
5140
5166
5191
5217
5243
5269
5294
5320
5346
5372
5398
5425
5451
5477
5503
5530
5556
5583
5609
5636
5663
5690
5717
5743
5770
5797
5825
5852
5879
5906
5934
5961
5988
6016
6044
6071
6099
6127
6155
6183
6211
6239
6267
6295
6323
6351
6380
6408
6437
6465
6494
6523
6551
6580
6609
6638
6667
6696
6725
6754
6783
6813
6842
6871
6901
6931
6960
6990
7020
7049
7079
7109
7139
7169
7199
7229
7260
7290
7320
7351
7381
7412
7443
7473
7504
7535
7566
7597
7628
7659
7690
7721
7752
7783
7815
7846
7878
7909
7941
7973
8004
8036
8068
8100
8132
8164
8196
8228
8261
8293
8325
8358
8390
8423
8456
8488
8521
8554
8587
8620
8653
8686
8719
8752
8785
8819
8852
8885
8919
8953
8986
9020
9054
9087
9121
9155
9189
9223
9257
9292
9326
9360
9395
9429
9464
9498
9533
9568
9602
9637
9672
9707
9742
9777
9812
9847
9883
9918
9953
9989
10024
10060
10096
10131
10167
10203
10239
10275
10311
10347
10383
10419
10456
10492
10528
