1000
1 2.00416505138927592 4.6972013323269239393 -1.388779338827264171e-15 3.4908638597692339124e-15
2 2.0038136180754646531 4.6937228302177986805 -1.1181847864071618831e-15 1.182585499104098337e-15
3 2.003812705944024497 4.6930264218473887183 -1.3503435982748831884e-15 1.2459650741335409275e-15
4 2.0034668907532235949 4.6762922367979111726 -1.3740636414587050071e-15 1.2881439690278998589e-15
5 2.0035229579420441581 4.6637779811161612642 -1.7714136064509613949e-15 1.2263063721922930345e-15
6 2.0032876801413732615 4.6605146643496393466 -1.1183940488227362063e-15 1.2629608171047548186e-15
7 2.0031514674947259458 4.6591124167801192257 -1.195610681651839229e-15 1.7798139338833201602e-15
8 2.0030981151111908467 4.658309730568135798 -8.9840150809140437555e-16 2.2197523278469712039e-15
9 2.0028865579883685655 4.6583183212494789771 -6.1473632214902649209e-16 1.1541472567013181017e-15
10 2.0028968318253523861 4.6572193434152238112 -1.2149750375088799898e-15 1.1271891593621322333e-15
11 2.0027150322579734265 4.6568936429544303124 -1.6350089344261856457e-15 1.5588712129756044418e-15
12 2.0027248873110994332 4.6557828692129410442 -8.3613964559941781207e-16 1.1102106837046217863e-15
13 2.0026155373154290729 4.6548443883672847576 -1.7503804995657083712e-15 8.7980507446083062196e-16
14 2.0025896134426890427 4.6535825195493769613 -8.8817841720756310644e-16 1.7698896108672597981e-15
15 2.0025365137324828702 4.6513830917728142822 -1.5096572740749630252e-15 1.2816374729531093951e-15
16 2.0024886008752997846 4.6501320775256616002 -1.216825119076087079e-15 1.5225934572582708568e-15
17 2.0024479775122765446 4.645536176573608067 -1.6909669094470841447e-15 1.1149163091289719881e-15
18 2.0024042992900121796 4.6440266305904698285 -1.0004936959665480161e-15 1.4414085800758138185e-15
19 2.0023568725387734801 4.6433543267946149058 -1.0507586258534062838e-15 1.3332199195028474453e-15
20 2.002324540720462398 4.6428974305874497475 -8.8796887669690293187e-16 1.9982620295369255164e-15
21 2.0022834560331044251 4.6428342446807269184 -1.3629712308029979962e-15 1.0232754811489640358e-15
22 2.002277615607416017 4.6426388724561329369 -1.6038841748450566542e-15 1.8210992131174383671e-15
23 2.0022410187519144031 4.6423873248568554573 -1.2850945257148479207e-15 9.3023387514968815494e-16
24 2.0022475139755773199 4.6422582999838084561 -9.2244815084800039587e-16 1.7561396379045720891e-15
25 2.0022160593189206601 4.6418556797171266481 -1.7137285571606624152e-15 1.7022462894777907242e-15
26 2.0022336653332728496 4.6417395290592615709 -8.9645614578012001129e-16 8.902642231285499957e-16
27 2.0022094961147778314 4.6411403183387696103 -1.7702455656231892006e-15 1.1257092689331244329e-15
28 2.0022287967398417763 4.6410212679043283401 -1.1366436116920149439e-15 1.3531845692680076794e-15
29 2.0022295272459080806 4.6401303965326974321 -1.4616792350523437397e-15 1.3007194008447073978e-15
30 2.0022548854948012398 4.640039626446605503 -1.0977057573912500195e-15 8.8839318473325225039e-16
31 2.0022546916550250096 4.638678290670561033 -1.3983791686911598585e-15 8.8817412677472023886e-16
32 2.0022649375615246825 4.6386407281366839328 -1.4183057492090252848e-15 1.6944720079568734616e-15
33 2.0022595824544398013 4.6367346580378221432 -8.9953162679811431098e-16 7.3119293702707514484e-16
34 2.0022223432336270221 4.63673269689447487 -8.0649787825683066528e-16 1.1072395666536036242e-15
35 2.0022222071245674435 4.634757029608426393 -1.4500069570010973687e-15 6.6581061047043291571e-16
36 2.002143198538665736 4.6340360201575840904 -1.5899431193232474575e-15 1.7774882036824622109e-15
37 2.0021309801921711724 4.6338333149670063449 -8.8817863195013734258e-16 1.3715838247123982701e-15
38 2.0020590744164357133 4.6336183496292004946 -7.7765903807300989971e-16 6.8501912554223764022e-16
39 2.0019850586559195804 4.6335752338884326207 -8.8817841664623926857e-16 2.3021270694495154396e-15
40 2.0019583328157746216 4.6335741174336657622 -1.3755307682453056749e-15 1.2045126268454555254e-15
41 2.0018324266865943351 4.6335048315195965785 -1.8600107065624919593e-15 2.1472437067023735515e-15
42 2.0018326136635331558 4.6335031157210480046 -1.1102231468527802027e-15 9.8968505112947528531e-16
43 2.0016897637910435748 4.6334154312101558659 -1.4180850238599652804e-15 1.996740271473942554e-15
44 2.0016680723485595905 4.6334048998315546797 -1.2831260625809524381e-15 9.4210094359034450463e-16
45 2.0015593547425556409 4.6332873963722382982 -9.237374612229284253e-16 1.2727718216122903258e-15
46 2.0014821208532924679 4.6332643145824388142 -1.5075305277269248797e-15 9.8009159809137926583e-16
47 2.0014308806431433396 4.6331038367025598745 -1.0505705665794142395e-15 1.7780922682080780507e-15
48 2.0013059190294848477 4.6330615452963410661 -1.2127818321475649744e-15 1.8032651910071626714e-15
49 2.0012991202931234014 4.6328403592384592713 -1.0068315997031014907e-15 1.7723403466438400482e-15
50 2.001156490493071427 4.6327662116097840794 -1.3285863653562896424e-15 1.4681146119234926255e-15
51 2.0011687838696499142 4.6324583664572980268 -9.0637494078604868702e-16 1.2483728060696505185e-15
52 2.0010370711203111505 4.6323272524202003808 -6.6453054222708535938e-16 1.5292562336498071827e-15
53 2.001049083009922569 4.6318940548232383492 -1.114101821589767092e-15 1.3322625911502895642e-15
54 2.000947422275586085 4.6316523301506755672 -1.312885471449985457e-15 7.4605542640899567795e-16
55 2.000948378879505718 4.6310403659393006848 -1.9844702320054844345e-15 1.1050189260577070226e-15
56 2.0008865219473546126 4.6305631363158923364 -1.6967285647760298896e-15 7.990097165583256858e-16
57 2.0008759931270985177 4.6297312056425408144 -1.8027352769763953937e-15 8.4905066320842641915e-16
58 2.0008477648179190389 4.6287217887067084732 -8.8327845601944288641e-16 7.8879577246918570302e-16
59 2.0008461668713795056 4.6278450460519993115 -1.1102223225561951959e-15 9.3643684848362283624e-16
60 2.0008253682343886126 4.6261558569913976413 -2.2204479249357508284e-15 9.5958569227212358971e-16
61 2.0008192893351419706 4.6257473281368959306 -1.925839941201610446e-15 1.4351976497059376609e-15
62 2.0007860538525643612 4.6255717972698429108 -1.3429035514109859422e-15 1.325283524703726393e-15
63 2.0007852710446676348 4.6254731281285783595 -9.0392937838902276304e-16 2.0000501667729145929e-15
64 2.0007528800510234746 4.6254521434836837201 -1.7208385893680948352e-15 1.1631764034229003604e-15
65 2.0007463692028437663 4.6254480321629065642 -8.8837638957821590453e-16 1.1760358502234888634e-15
66 2.0007257131959628182 4.6254066184609392565 -1.3326308025393716293e-15 1.034826282612254289e-15
67 2.000748495970226859 4.6254156654688243222 -1.3309285479679171643e-15 1.2039594056466218416e-15
68 2.0007288464719374943 4.6253713771676068234 -1.4878933341572888814e-15 8.466609281065838119e-16
69 2.0007759124356581104 4.6253826107221138741 -9.0556189183819571529e-16 1.4130185475665308505e-15
70 2.0007672402698410963 4.6253413276013111144 -1.1244400435063234079e-15 8.8343400345245183186e-16
71 2.0008240396547387618 4.6253478696587571051 -2.220364617073895214e-15 1.0880146985228154008e-15
72 2.000852909335221419 4.6253257495969748447 -1.4212447505960620467e-15 7.5332214044047852283e-16
73 2.0009126117071525108 4.6253555376595851811 -1.4724235491757917399e-15 1.3168071490387356283e-15
74 2.0009486455327909482 4.6253097853190894284 -6.2235882041641199783e-16 1.0251500105251954889e-15
75 2.0010107169430653151 4.6253177821584179341 -1.07301454806620494e-15 1.0280213387646963249e-15
76 2.0010847256221047097 4.6252523093019304312 -7.3188641160525138182e-16 1.4267701269760589849e-15
77 2.0011277416496127124 4.625262237329580195 -1.3748144317123974659e-15 1.0580166930390509288e-15
78 2.0012383159508519981 4.6252162626464947692 -1.0354817713550736023e-15 1.0205559858549734589e-15
79 2.0012412964024730577 4.6252468331495997234 -1.0330473299144371692e-15 1.2073878581379086964e-15
80 2.0013940961661469409 4.6252114760942291127 -1.0755509907303874909e-15 1.8706051760552291777e-15
81 2.001358988680181028 4.6252671709136938816 -8.5086585190496144668e-16 9.8898957121641424859e-16
82 2.0015255438123009668 4.6252325331464909652 -1.3633829381845123002e-15 1.0266183852896730774e-15
83 2.0015000102985687214 4.6253131662126749646 -1.7796360540629083665e-15 8.8824076859245409658e-16
84 2.0016121241120368168 4.6252673884802115722 -1.4699749634404505815e-15 1.5234990494099900034e-15
85 2.0016555236450463973 4.6253666460439752939 -1.1117639367869387922e-15 8.8823737550622771401e-16
86 2.0016553714771996297 4.625292205347295571 -1.1395126814967179858e-15 1.3390444118653079132e-15
87 2.00176929568764983 4.625389973383313702 -1.7898314080029275015e-15 9.2230669160635745826e-16
88 2.0016776294255040902 4.6252584207078681899 -1.7761591042064300058e-15 1.2324429459467652475e-15
89 2.0017801703037387817 4.6252827817620412176 -1.0456773987224915707e-15 7.3720297822195197596e-16
90 2.0016781099336347083 4.6250531274962689565 -1.2789984398112271249e-15 1.3313318503362134476e-15
91 2.0016564888392589516 4.6245606328117521144 -1.4102145665000557516e-15 7.2191281012830903201e-16
92 2.0015699761089651432 4.6241530941365169838 -1.6183833655519473056e-15 1.3417478453155942121e-15
93 2.0014180803302772382 4.6239912160609160097 -1.5522724417424996996e-15 1.2967080002894215166e-15
94 2.0013705615109445013 4.6236708307879847979 -1.1361189981152901999e-15 1.3322570020064740488e-15
95 2.0011836164010547989 4.6237770203959103199 -1.0014559852483667817e-15 1.259526227463378184e-15
96 2.0012244837195849456 4.6237606827173038937 -1.0611566488991011034e-15 8.6616732825764796631e-16
97 2.0010170645568847725 4.6237682392592232006 -1.4850863475885183833e-15 8.6000004244860715565e-16
98 2.0010876815649978333 4.6237864134547832506 -1.2401574616811311057e-15 1.7741278207082831967e-15
99 2.0009018679057248846 4.6237434573977198582 -1.165246930167774851e-15 1.0250290180002429224e-15
100 2.0009800555787613519 4.6237671756637226395 -9.250234221569695214e-16 1.4028669732229969444e-15
101 2.000824182685899455 4.6236780681210971622 -8.6995739151820325743e-16 9.2393536735429662881e-16
102 2.0009047072436660919 4.6237011556242304522 -1.3322671103020591595e-15 1.3392474183075566037e-15
103 2.0007766665987247734 4.6235648938770381733 -7.4427631875918254701e-16 8.7296431105948644505e-16
104 2.0008602900095446842 4.6235854083577265783 -1.8003642258323050139e-15 8.7041022374251256267e-16
105 2.0007544663255600881 4.6234004142401534665 -9.7956646811574232778e-16 1.6224651374120065125e-15
106 2.0008438909423906793 4.6234174538867636173 -8.9412509875360183149e-16 1.8058586150757030124e-15
107 2.0007543234260816156 4.6231834633560682235 -1.2064665568923807631e-15 1.6486593459852552937e-15
108 2.0008512613860984786 4.6231962308841261233 -1.2699689943565099772e-15 1.4381259224643570014e-15
109 2.0007742582954870514 4.6229165687111342109 -1.8588674725472770567e-15 2.0712978472371613535e-15
110 2.0008764566840846477 4.6229239978552030266 -1.2097957761227583406e-15 1.6417527046356565151e-15
111 2.0008130503554224511 4.6226091120828174397 -1.3303163357234960476e-15 9.4557918296848755407e-16
112 2.0009120990322983857 4.6226098097315677649 -1.3280267691089179032e-15 1.3730712836119572402e-15
113 2.0008687863457406131 4.6222814635313058673 -1.4663365536600920522e-15 1.0302105062510246694e-15
114 2.0009511771239947286 4.6222741437839900414 -1.4081900000921856063e-15 1.2670741887152352283e-15
115 2.0009360385475170041 4.6219662169221829018 -9.479002943134762711e-16 1.5842186071206736584e-15
116 2.0009896599183156773 4.6219508687071364506 -1.3566711127132060395e-15 1.6006194782154892085e-15
117 2.0010037268796634358 4.6217001687773970886 -8.3303295826903999533e-16 1.0489464354888043147e-15
118 2.0010272565899138719 4.6216797704028413918 -1.5931603328635145763e-15 2.2752636133967119546e-15
119 2.0010596907705608949 4.6215089280950145678 -1.3818095576217649656e-15 9.4734387148308061007e-16
120 2.0010639560598746378 4.6214938026256433545 -1.096403066241672062e-15 2.220432130337810832e-15
121 2.0011034963995539826 4.621395161270027252 -2.1557327851383393e-15 1.2659300291216698806e-15
122 2.0010942523839454488 4.6214734136020538813 -8.2534172634575903783e-16 8.8817841939204300138e-16
123 2.0011179790388520239 4.6213740582163751469 -1.332258457701526903e-15 1.7763675037385188851e-15
124 2.0011021325079640931 4.6213642641507348685 -1.2735418086246810164e-15 1.7861806770279358154e-15
125 2.0011113513193738989 4.6213484053379518812 -9.4609726551668321486e-16 1.8099675443247135217e-15
126 2.0010722420689548429 4.6217107470894847054 -2.3324759387291643395e-15 1.0573730735600090642e-15
127 2.001065195753724435 4.621700723251551679 -1.2930974094263412585e-15 9.0527301509259064097e-16
128 2.0010448136855396584 4.6223220945809400106 -1.7679569899546716456e-15 8.5252680701047705265e-16
129 2.0010313784923110525 4.6222483164774459397 -6.529042243482336021e-16 1.7202838135541975485e-15
130 2.0010396089298789768 4.6229085706216856977 -1.5214392321816002254e-15 8.9439768205225193939e-16
131 2.0010314320272577504 4.6227834684479374161 -1.0835075459480971896e-15 8.8840721174217966984e-16
132 2.0010366734711526604 4.6233874978861093652 -8.2105853817120549719e-16 1.3489616275435755287e-15
133 2.0010317101441854604 4.6234790571238972845 -1.2560307443926521274e-15 1.7831371512094639289e-15
134 2.0010604757055707736 4.6240394492344316646 -1.0039335520789134216e-15 2.0813660646264594272e-15
135 2.0010542045208588036 4.6241358723945795717 -1.0849681535924509622e-15 1.2323287175039832382e-15
136 2.0010929332847782192 4.6246130019892017771 -9.5111504898570046164e-16 7.4161750995925391789e-16
137 2.0010909141687718282 4.6247039182078566455 -8.2489585871204278361e-16 1.3323777361700704253e-15
138 2.0011340992229964542 4.6250880280001940292 -1.7778797398348480812e-15 1.6176860176419708935e-15
139 2.001137491305088556 4.6251669540755040444 -1.2480534466550238755e-15 1.0787406420970205977e-15
140 2.0011835301876437221 4.6254645961884248706 -8.8818135540416235423e-16 1.1518733695174635505e-15
141 2.0011916247585475048 4.6255268067407309118 -9.4299736748703883799e-16 1.4095261419601526574e-15
142 2.0012399583697222383 4.6257490671116796577 -8.4108959667418549697e-16 1.1278951258352604578e-15
143 2.001249716990185501 4.6257909847355840327 -1.28688759841634214e-15 1.2537168369468844228e-15
144 2.0012983675545048534 4.6259487359855313571 -8.1584438366844071592e-16 1.1102226275466238916e-15
145 2.0013010428127802065 4.6259672161318681205 -8.9482752058269352812e-16 8.972147465957356194e-16
146 2.0013328813913160431 4.6260696277249628849 -1.1554673723015524729e-15 1.1556463031285588757e-15
147 2.0013163169409811104 4.6260613691294523164 -1.507736888887346097e-15 9.8985909883829743804e-16
148 2.0012760119054577856 4.6261157056759003581 -9.3885149372154104253e-16 1.0622916215920195746e-15
149 2.0012604895314196618 4.6260767796595834156 -9.1685195558107685739e-16 1.2119238431846857853e-15
150 2.0011702575480248001 4.6260886556857023777 -8.7242498294658626225e-16 1.0902171358962618687e-15
151 2.0011639304533752615 4.6260140953432467015 -7.9205989711397369175e-16 2.2258585868021816318e-15
152 2.0010693221376958384 4.6259878904227367258 -1.6278638016347508287e-15 1.6387659716867983363e-15
153 2.0010671171116465317 4.6258713041940264787 -8.8814995884315801724e-16 1.1096644978273115524e-15
154 2.0009802002776360119 4.6258106823561755405 -8.8817786557426180551e-16 1.3320112802827745774e-15
155 2.0009803987512602141 4.6256439208947286446 -1.442860842583817247e-15 8.8817772014754675343e-16
156 2.0009022004021042029 4.6255525245171744686 -1.1108350399339090627e-15 1.3364527131061557476e-15
157 2.0009042510087460265 4.6253255726221764732 -1.3322052881649910744e-15 1.285680405695214778e-15
158 2.0008338906204761187 4.6252080540822460009 -8.8824250255378607107e-16 1.3408383058923066229e-15
159 2.0008371600706031934 4.624909645517214507 -1.3365101377503507995e-15 9.24592624940819283e-16
160 2.0007739198198160047 4.6247732540224095743 -1.3886687761541107671e-15 1.131122912721141965e-15
161 2.0007776569641104736 4.6243933759322608523 -1.1016638914101980541e-15 1.7786872237311537418e-15
162 2.0007211282876560254 4.624250151750563198 -9.0019253155364604986e-16 8.4017958115927592117e-16
163 2.0007249851414905528 4.6237865512854705585 -1.8950507586892166497e-15 8.8818544210727760325e-16
164 2.0006748818576700621 4.623655233779668805 -1.3347077487258495751e-15 1.3820535044430003077e-15
165 2.0006795637021883572 4.6231257717564044896 -1.3327800476846896198e-15 1.3377169285064799528e-15
166 2.0006356926855932699 4.6230301695724413946 -8.881784788721326739e-16 1.3286870715275414179e-15
167 2.0006441242943151515 4.6224874105342372843 -1.3177369501712076139e-15 1.3876998596154215062e-15
168 2.0006056443694597569 4.622446462974528103 -8.2098800704601618815e-16 8.8813860844654377314e-16
169 2.0006246617407330568 4.6219831745113957311 -9.992176267240520843e-16 1.4136253994219350515e-15
170 2.0005892164500367336 4.6219936181348213466 -1.1079800082718322666e-15 1.4816358340063369121e-15
171 2.0006222397201329777 4.6217447140480079071 -1.9357066647294919645e-15 1.2461661583431856093e-15
172 2.00059236668784024 4.6217434102700858389 -1.775322090225553912e-15 1.3338148014133728933e-15
173 2.0006118113462476593 4.6218275550409568808 -8.8729929774265309173e-16 1.5544313494302598551e-15
174 2.0006030916495594063 4.6218061716225946611 -1.3799237974724908958e-15 1.0351666990693409713e-15
175 2.0006067793532475996 4.6217919772609636908 -9.9919604299677279775e-16 1.109419003637623778e-15
176 2.0006090010144634839 4.6217047465914626869 -8.9318911528954191541e-16 5.8564342316982964552e-16
177 2.0006007547096245069 4.6217862278538035525 -1.7764416575380004425e-15 3.0974200652388471021e-15
178 2.000627448899503058 4.6216937662569073098 -1.1214851776056818094e-15 8.8818331080438367998e-16
179 2.0006252527992414159 4.6216845233112504587 -1.5200633059923782322e-15 9.1052939323043011342e-16
180 2.0006582214134867037 4.6215645859593443845 -1.3777934918265853509e-15 8.8817807721838653649e-16
181 2.0006515890235831989 4.6218199803155481931 -1.6833135658608920726e-15 7.1078442005055038212e-16
182 2.0006676529689566557 4.6226188031015631452 -1.2187438421349394875e-15 8.5951433167077145193e-16
183 2.0006407990511139161 4.6226235649056750532 -1.9707997487018785404e-15 9.4364903878293892233e-16
184 2.0006797894386005865 4.6236476867281570691 -9.2417411538216902573e-16 1.2005892139012668335e-15
185 2.0006288395097517885 4.6236577254018840222 -1.3335081167808505282e-15 8.8116664820085389717e-16
186 2.0006912552293512064 4.6246405006917035152 -1.0928511226629196897e-15 1.7145634574109377681e-15
187 2.0006406043989573007 4.6246799351050906779 -1.4870309676620348401e-15 1.5606886464297908385e-15
188 2.0007020968352482448 4.6255005146621357426 -1.1344468911401324742e-15 7.0801197493086884565e-16
189 2.0006700507646231202 4.6255617921995728636 -9.488789384126790756e-16 8.9803395680331117858e-16
190 2.0007193095496851321 4.6261962539765555391 -1.8417086584969134517e-15 9.4009655667101157489e-16
191 2.0007083223061208344 4.6262677366398428092 -1.8017162164885279794e-15 1.2783012726196803091e-15
192 2.0007488891787374996 4.6267340322829939581 -1.1346052954644887657e-15 1.0041186564592069771e-15
193 2.0007485918198244512 4.6268070235655383016 -9.8123266459591929845e-16 1.3321578180735116747e-15
194 2.0007898957500094284 4.6271320856733790805 -8.8214288716194770612e-16 1.203202498870738959e-15
195 2.0007847851737161626 4.6272009619974880934 -1.3082104864346693037e-15 1.822363814427574126e-15
196 2.0008345731040217963 4.6274084505036627846 -9.780761921236056734e-16 9.9183982782210846563e-16
197 2.0008116236761099849 4.6274694510738054731 -1.3746550759228891974e-15 8.4976039141835963668e-16
198 2.0008688191373047438 4.6275769174589598265 -7.5881151029347323952e-16 1.4738055595492710998e-15
199 2.0008255010781446082 4.6276270701487671744 -1.3367204306646897388e-15 8.3506751115544381214e-16
200 2.0008744279987422665 4.6276461733301470503 -9.7809698409853670303e-16 1.4203783133346305422e-15
201 2.0008239167376689061 4.6276824906088807055 -2.0156691308857519893e-15 1.7763577379306119025e-15
202 2.0008419918805397941 4.6276198654329352422 -1.6065442763490076535e-15 1.5180052397701092262e-15
203 2.0008039761790175071 4.6276386647078275871 -1.1208214122829221237e-15 1.0373690628714648418e-15
204 2.0007824309577681987 4.6274967471876182756 -9.0952711968484862456e-16 1.0576970403093947477e-15
205 2.0007641765073960194 4.62749292163682302 -7.8788982301811556138e-16 9.7600991056837100243e-16
206 2.0007141339092591181 4.6272706766004647605 -9.8184051634241061897e-16 1.6176308522431258493e-15
207 2.0007085368943404724 4.6272367378359966494 -1.3246487590937837733e-15 1.3077678086470823946e-15
208 2.0006486318953271564 4.6269305788690022752 -1.5061566664189012457e-15 1.5303636117808692938e-15
209 2.0006458700247757854 4.6268552819397985587 -1.3302107009191886612e-15 6.0819169095590695447e-16
210 2.000589983746868139 4.6264609390918591814 -1.9053004560175311062e-15 1.3912026452345408924e-15
211 2.0005853179489725413 4.6263273682810677201 -1.2784559228437838233e-15 1.0509433328849491982e-15
212 2.0005382236398694396 4.6258444112259713421 -1.6466267427691111131e-15 1.0002708952080145525e-15
213 2.0005346509641737107 4.6256279117544085722 -1.7806579586200550844e-15 8.8817859410834364063e-16
214 2.000492361234404104 4.6250702581787290768 -1.3345040675853365552e-15 8.6009638562574239043e-16
215 2.0005004307208422709 4.6247386351011696703 -1.5263426657352412226e-15 1.9405243459000920995e-15
216 2.0004527011977781825 4.624154738678845078 -1.4250947476371134749e-15 1.3737649926419479768e-15
217 2.0004835233114421911 4.6236783767338938134 -1.1285712884765854253e-15 1.437708995108099808e-15
218 2.0004225619967970218 4.6231741804411790042 -1.6128886199904132855e-15 1.4184687266717094454e-15
219 2.0004701363739423314 4.6225590312037274643 -1.3788473382695762123e-15 1.3117515198557958208e-15
220 2.000407977311115193 4.6222857508612458233 -4.2624194960767490265e-15 1.3334300298603257178e-15
221 2.000444961708460756 4.6216644307698802052 -1.0951766719844931905e-15 8.9486927474469800354e-16
222 2.0003918118556565098 4.6216241572014071792 -8.8619472043184814439e-16 1.8660537537793581833e-15
223 2.0003980684421440728 4.6217145643179691206 -1.3350102446938526759e-15 1.7438089632743531806e-15
224 2.0003525664391781369 4.6217529810925102041 -1.0274516340707830521e-15 9.8757883396450052861e-16
225 2.0003574550855587333 4.6217709672401046106 -1.0646067129310280349e-15 9.0415236015144145239e-16
226 2.0003286459509084239 4.62173762155314094 -1.3537580923085845586e-15 1.1655435231255644886e-15
227 2.0003271093401751024 4.6218015523510000975 -7.8493568242923235234e-16 1.451854847261964801e-15
228 2.0003128827364009545 4.6217412210043722354 -1.1209002947922038585e-15 1.3322413970243486993e-15
229 2.0003127597150065498 4.6218114393732605549 -1.2167698364611538846e-15 1.3637187452702343903e-15
230 2.0003064586452805607 4.6217330210357197018 -1.1096444822635310581e-15 8.8015814159772892792e-16
231 2.0003104955096615569 4.6218041996955250283 -1.0390411006737095154e-15 1.3322676908585371176e-15
232 2.0003103755798803398 4.6217090797492996757 -1.4588998902975890211e-15 1.3324933837809149323e-15
233 2.0003188211696172338 4.6217802629362338962 -7.0743757811886715468e-16 1.1090092630563202744e-15
234 2.0003252645174054436 4.6216679884042157767 -9.2667126477608902789e-16 8.8932568103556925077e-16
235 2.0003370982154691227 4.6217396155432117766 -1.0458925559317325436e-15 1.4558040130039122937e-15
236 2.0003520536761172366 4.6216086305509875842 -1.0381964366948872178e-15 1.3322676273889251161e-15
237 2.0003649545842994151 4.6216824975526797914 -1.3772882512119465938e-15 8.8674008728869539493e-16
238 2.0003924366306757854 4.6215302604270656062 -1.5500902974152539108e-15 1.1049326871163955779e-15
239 2.0004027798425894069 4.6216107992924895242 -8.8741901499537324349e-16 7.8395508628154696165e-16
240 2.0004463152245559598 4.6214502750845811718 -1.3361628203240099119e-15 1.3873451518766547709e-15
241 2.0004644929554644683 4.6214666925451464152 -1.1298151296373468124e-15 1.3322858314738264251e-15
242 2.0005129483385757361 4.621326285011911672 -1.2764373744814083328e-15 1.3063400247531899153e-15
243 2.0005311849480085229 4.6216214039859462304 -1.7863703444480389671e-15 1.3492449986444743697e-15
244 2.0005813938553003162 4.6226240815069905565 -1.0955266287285257177e-15 1.8282747059801237487e-15
245 2.0005943084093873452 4.6227462593723434026 -1.0414492815409479976e-15 9.099319949448955141e-16
246 2.0006532974759871912 4.6236526703722997667 -1.774951531385448896e-15 8.8816511521144744642e-16
247 2.0006462473252799583 4.6239149776852466189 -1.7763750487653506304e-15 1.4180602330912488518e-15
248 2.0007296769172198125 4.6245843918661631022 -9.7606965429853321332e-16 1.7381194188539985271e-15
249 2.0007023572500317599 4.6249021267671270863 -1.1986721213668648357e-15 8.9775162061365603025e-16
250 2.0008077806272352994 4.6253431133936064867 -1.3323579484097498892e-15 9.5226280232472763438e-16
251 2.0007747987630444264 4.625660985307359141 -1.1560671886107194896e-15 1.7763548389589139139e-15
252 2.0008861301099032382 4.62591807448621406 -8.5031795644555561424e-16 1.3366856119285977089e-15
253 2.0008641298279936649 4.6262107696947012414 -1.1823296264481903507e-15 1.3555570954666751354e-15
254 2.0009650073213047783 4.6263253263580317309 -1.0427872034941797453e-15 8.8815263875081673122e-16
255 2.0009663356940752266 4.6265838750600494222 -9.6092468097991787735e-16 1.01390009609055006e-15
256 2.0010422547282762373 4.626585027632313718 -1.2566107000311509276e-15 9.7099526633561375785e-16
257 2.001069393882549452 4.6268071614037564743 -1.1748629322302862762e-15 6.0501931500329688941e-16
258 2.0010981866366268633 4.6267126195776198117 -1.0705966609037838304e-15 1.331466879948713479e-15
259 2.0010997294330197249 4.626897764671080715 -1.2705180730724788602e-15 1.7485666767429461035e-15
260 2.0010996370642093467 4.6267163173262115805 -1.1065019910606066946e-15 1.7763569769346854017e-15
261 2.0010964800116002316 4.6268630196315347902 -1.3126570689276314095e-15 1.19287767093521215e-15
262 2.0010870647270433409 4.6265965959144450537 -9.1341048899569397969e-16 1.1732843234797699942e-15
263 2.0009908801746902896 4.6267007918968259261 -1.038507722826948533e-15 9.9450086163637828402e-16
264 2.0009952371486936507 4.6263460102728544143 -1.4656204412032300729e-15 1.1838214662703704674e-15
265 2.0008772061642758899 4.6263991781945099646 -1.3218665290630495447e-15 7.052413849662760431e-16
266 2.0008863270990904226 4.6259491069412117525 -8.6245496142461370691e-16 1.0288260343536903228e-15
267 2.0007775597389376721 4.6259355822614693921 -9.99389722370164643e-16 1.0011080493191287955e-15
268 2.0007805198594512675 4.6253834417784149835 -8.3789890344827280068e-16 1.0904050553102737906e-15
269 2.0006944798609591629 4.6252763794744575776 -9.8422822896416759505e-16 1.1322737098801725009e-15
270 2.0006820684483597184 4.6246250980770211569 -1.5952449300010818867e-15 1.3441364690875526254e-15
271 2.0006281199173732155 4.6243817725116720396 -9.2298473467654848774e-16 7.2183686188099591878e-16
272 2.0005914495199341729 4.6236664927091766231 -1.3322700954705240099e-15 8.9434479338990351369e-16
273 2.0005715033791720003 4.6232288372508474339 -9.7226654021995823568e-16 1.2112001590348243535e-15
274 2.0005097093270651776 4.6225552923768251645 -1.3392513195250928946e-15 1.1701700983443486153e-15
275 2.0005094269441738852 4.6218732799552917356 -1.2597254957884383552e-15 1.276766640923937214e-15
276 2.0004374344231448113 4.621438752694523977 -1.0696642311394562687e-15 1.3321465393063179181e-15
277 2.0004358843832861226 4.6205698811879765131 -8.899503702644249209e-16 1.4798675779955284669e-15
278 2.0003672451455476455 4.6203798850249500063 -1.752541840974196813e-15 1.3323592072354286391e-15
279 2.0003607116981596548 4.6205135738746543339 -1.77242611165072359e-15 9.2930244651912688624e-16
280 2.0002957110750965164 4.6205159762522756139 -9.2660158966720918506e-16 1.3290801081147710121e-15
281 2.0002915522569648665 4.6206507608089513184 -1.2688824806558461069e-15 2.2246955671497059696e-15
282 2.0002409854649307874 4.6205836738575847278 -8.9531003083779014305e-16 1.4659176847947060366e-15
283 2.0002446937500524271 4.6207293177261323791 -1.0907427634232227965e-15 1.3431224883875546687e-15
284 2.0001958420117609272 4.6206538410384823123 -1.0901090587783388908e-15 8.8510241419446305295e-16
285 2.000209059039105508 4.6207886616417077619 -8.8988367800858326479e-16 9.6401661670426935035e-16
286 2.0001620892857232548 4.6207069029357299428 -1.6887420118317895888e-15 1.0039930577903661035e-15
287 2.0001826813143481765 4.6208303471720437727 -1.0071652951112808746e-15 1.0415862196786156221e-15
288 2.000138745936846707 4.6207421458188440155 -1.2210228818264338205e-15 1.3380114143140037607e-15
289 2.0001651606055999011 4.6208549304024577609 -7.6642154369091802172e-16 9.7941527191483038676e-16
290 2.0001250111387500752 4.6207599030854593636 -9.0078455191453227004e-16 1.7343894292432499449e-15
291 2.0001563461747005057 4.6208627543858504794 -1.1303756481450220134e-15 1.3322677610112706343e-15
292 2.0001203980458002185 4.6207604111093454335 -1.33287990213351346e-15 6.1267776991460022128e-16
293 2.0001561781112737748 4.6208539014028247038 -1.3657498899338526089e-15 1.4626659918503693889e-15
294 2.0001246838741688627 4.6207436401025479 -1.2046656222284065389e-15 1.3656042069881018233e-15
295 2.0001646684385043784 4.6208281594243310053 -1.3991367401924616366e-15 8.1179057512587391817e-16
296 2.0001378722692306766 4.6207092506087725781 -8.5416736052984879629e-16 8.9327659706805666079e-16
297 2.0001818987027024654 4.6207849958570355042 -9.2193642776522292568e-16 8.8900467216388983348e-16
298 2.0001601775748061307 4.6206565683511682252 -2.5556125322349550273e-15 1.3013842691898864696e-15
299 2.0002080134022932612 4.6207235246820923535 -1.3129232092491624441e-15 9.6805074989806347801e-16
300 2.000192028957318513 4.620584559659056012 -1.7761083983764393306e-15 1.3199816498924744153e-15
301 2.0002432014159952089 4.6206424590808392594 -1.779257098461123055e-15 9.9726734243008228869e-16
302 2.0002340996734901957 4.6204918188833303816 -1.1085269052674854316e-15 9.8565421712506208567e-16
303 2.0002876539356226893 4.6205400395527487234 -1.6261811638560214433e-15 1.3331465965634031966e-15
304 2.0002873830419916068 4.6203766515291491146 -1.6368417432939144182e-15 8.8811511654947952022e-16
305 2.000341482277656624 4.6204138863281727367 -8.8848418453863374208e-16 9.6846127428257116985e-16
306 2.0003533531372079679 4.6202378379889754711 -1.114581583587666201e-15 1.2409583403938923081e-15
307 2.0004047385275138815 4.620260101483712134 -1.1322535806859985259e-15 1.7522298814569364562e-15
308 2.0004335762124223486 4.6200838713086689324 -1.0518534478876100537e-15 1.2766345382907259409e-15
309 2.0004823816163255223 4.6200555865919659126 -1.2399434811604529998e-15 8.8227952705107414582e-16
310 2.0005187849768537589 4.6199112888142161992 -1.3511610500178612484e-15 1.3401227873577445775e-15
311 2.0005600328205885852 4.6200178218605749692 -1.2011752438103616588e-15 1.2403721591730861047e-15
312 2.0006153755746534095 4.6205056179363026558 -2.088196779873297578e-15 1.9378143397005766361e-15
313 2.0006463286004296798 4.6215431183204715992 -1.0057532858232548697e-15 1.3331017878481454013e-15
314 2.0007170699185166107 4.6215059263434339343 -2.0284648821314017238e-15 1.39693809758489536e-15
315 2.0007358649991315858 4.6227205203963155355 -7.7036262908663710113e-16 1.4573897729931448022e-15
316 2.0008166184961471146 4.6225515990596885985 -1.1848308672464705655e-15 8.8847982769820527098e-16
317 2.0008219198448724541 4.6236855472410400836 -1.3049852161164255396e-15 1.5476688577526734992e-15
318 2.0008880419842109966 4.6234829559657537601 -1.1485630057929479169e-15 1.2685478619882695442e-15
319 2.0008879578443901082 4.6244283566680461917 -8.8815567903983776045e-16 1.2562591846082692014e-15
320 2.0009020527146996749 4.6242239820423574059 -1.1710205541340906002e-15 9.3000171019944002416e-16
321 2.0009020792954448353 4.6249622271582122579 -1.4321205626842084728e-15 9.4311585604812436694e-16
322 2.0009021425952129292 4.6247639990700903923 -1.3657012425930657255e-15 8.8817613078261477827e-16
323 2.000902155439910679 4.625311102154746834 -9.4852822881635264483e-16 1.1679805107714617948e-15
324 2.00090215964589202 4.6251187793313386365 -1.3579456173082818598e-15 1.2678442636223914244e-15
325 2.0009021694100086464 4.6254949688280078135 -1.1071959911215529907e-15 1.0928265936327493085e-15
326 2.0009021638365291906 4.6253064086282176248 -1.0265622177599382034e-15 1.0341854045231714355e-15
327 2.0009021719379864734 4.6255242779088021621 -8.2930525862879263195e-16 1.4510262217997939683e-15
328 2.000902153156463914 4.6253381277734320065 -1.0855235641575400245e-15 9.4177529242866641539e-16
329 2.0009021606248569292 4.6253985772905252816 -1.6675663699339394668e-15 9.8648790439743566247e-16
330 2.0009018431234442126 4.6252162175407960376 -8.1481831063130901736e-16 1.051527985506286312e-15
331 2.0009008267257843983 4.6251067450546994309 -7.7882566535322180617e-16 2.2293767611044799538e-15
332 2.0008740772115767292 4.6249349979029634738 -8.8835553601163869421e-16 1.0585303465585483512e-15
333 2.0008386508614659505 4.6246295062183246927 -1.0085222629740307128e-15 1.0792463949441799982e-15
334 2.0008047135058482091 4.6244849919887185408 -1.3313276316023548929e-15 1.463145760066741079e-15
335 2.0007282297085060563 4.6239489927088879284 -1.4081871045732026238e-15 9.4553051904676346585e-16
336 2.0007117806253096326 4.6238629625060285733 -8.557135611240834076e-16 8.9238847335369912879e-16
337 2.0006144060481125813 4.6230757898378342929 -1.363967032119477063e-15 9.1988555353307474526e-16
338 2.0006100780771816083 4.6230882479094219661 -8.8774607818142001739e-16 1.3115651367030629527e-15
339 2.0005100773192165953 4.6221206181003653413 -2.2202197314724830955e-15 1.7096332118091187235e-15
340 2.0005100898080758753 4.6217762268453297381 -9.8816874488733239173e-16 1.380757050220946446e-15
341 2.0004171885072490333 4.6218915231553632239 -1.0972402504234498957e-15 9.4230126849745319843e-16
342 2.000420645116257834 4.6218977752512433455 -1.33706222443242234e-15 1.3361957176983605349e-15
343 2.0003339878216799264 4.6220820384547582904 -1.335570706644585067e-15 8.93903938416462777e-16
344 2.0003314396480318393 4.6220898327577337739 -1.5194376422491411721e-15 2.4424844561440303301e-15
345 2.0002612090720703897 4.6222254731357441671 -9.3388968019401554121e-16 1.3319926979025175421e-15
346 2.0002589375055297438 4.6222482468294163738 -1.1451541718790387893e-15 1.7776674373548172696e-15
347 2.000199353503066213 4.6223513608135320396 -1.3160535315062840582e-15 7.2173736134210311105e-16
348 2.0001981431288351487 4.6223777023892980154 -1.3575224693450837e-15 1.1116381128014529389e-15
349 2.0001484001300506854 4.6224553666759575776 -1.8735667155194767311e-15 1.33188970385496513e-15
350 2.0001476740258268272 4.6224824153283918804 -1.110227528699690345e-15 1.4036161138723706946e-15
351 2.0001074767328352877 4.6225383381645412939 -9.5138433475134522296e-16 8.0492412160950799414e-16
352 2.0001067939744343605 4.6225650853230426662 -6.7235771580928703929e-16 1.0454441243224928566e-15
353 2.0000758031105312362 4.622601596652418543 -1.0187657399001520647e-15 8.8817937052199703439e-16
354 2.0000749498605427945 4.6226276337950853446 -8.2362302214941355733e-16 7.6379206539916771549e-16
355 2.0000527870766520167 4.6226462658554794416 -1.3348137608870541727e-15 2.2190662573980679978e-15
356 2.0000516969872284001 4.6226714323626225678 -1.1904395091525827017e-15 1.0334063529915361035e-15
357 2.0000380159247774792 4.6226731538220855455 -1.4701413564606828712e-15 1.6380561160737563908e-15
358 2.0000366886410718692 4.622697409610460717 -6.9680845259774771448e-16 9.3918100268657292621e-16
359 2.000031237312083654 4.6226827385176925134 -1.333132958938500966e-15 9.1413173631907898038e-16
360 2.0000296777264372494 4.6227061104980098349 -8.9400461608026088698e-16 9.3871537231068505975e-16
361 2.0000323432870299456 4.6226751705836575113 -9.0772122369344050986e-16 1.3433425957715501206e-15
362 2.0000305204385395719 4.6226977285209764901 -1.1102634371426982642e-15 9.5131092798240767312e-16
363 2.0000413585045224707 4.6226502715479327321 -8.8824435504153216388e-16 8.8695815568639453646e-16
364 2.0000391803625703346 4.622672117729261565 -1.0570579361508449567e-15 1.1103469845538878554e-15
365 2.000058431096969791 4.6226075204012628816 -1.7442678270930507569e-15 9.9446026241238116362e-16
366 2.000055733435807781 4.6226287871510063354 -8.8831188250837266256e-16 1.3217994846697585634e-15
367 2.0000838236171376572 4.6225460247532472735 -1.3117212916140945184e-15 1.0054652579213572462e-15
368 2.00008037467201083 4.6225668778336590492 -1.5515836245754326926e-15 8.9457417307879404773e-16
369 2.0001179002196614043 4.6224644727365928887 -9.244080655262186603e-16 8.8818732903252819624e-16
370 2.0001134273497034322 4.6224851210714401617 -8.7736118347493574507e-16 1.7765403094872303681e-15
371 2.0001611039528253144 4.6223610602764511057 -1.2239336399702334049e-15 1.0515618069948260413e-15
372 2.0001553545160941638 4.6223817751392051179 -1.1793181569349248704e-15 1.7763573640079561529e-15
373 2.0002139131341283296 4.6222333854756394445 -1.1251912240005302174e-15 1.169285820419974437e-15
374 2.0002067705488921767 4.6222545376106047854 -2.0169150191646410236e-15 1.8172172964073906359e-15
375 2.0002767543964150576 4.6220782970344149732 -8.0368693443100686574e-16 1.9224678096369360945e-15
376 2.0002684449286571855 4.6221004343839453554 -7.4201499285521133527e-16 1.5896334870103914286e-15
377 2.0003498226021863005 4.6218916750548739714 -1.1456322098985828953e-15 8.8300031924951845218e-16
378 2.0003412729795511105 4.6219157102639503165 -1.0993809390453991788e-15 9.6932713954612773195e-16
379 2.0004326938231313804 4.6216681071279008819 -8.3052550041286024486e-16 1.1837218038892040765e-15
380 2.0004261223843680106 4.6216958732876873839 -1.3838484961646155383e-15 1.0122189809760190369e-15
381 2.0005235017050719826 4.6214004412239653163 -1.2958823980229353308e-15 1.7519913019258832629e-15
382 2.0005231065354944775 4.621436794130469039 -1.7955883365134666829e-15 1.3332720428532052678e-15
383 2.0006177858368849876 4.6210825337394521029 -1.2305944486831037397e-15 1.2832869026596249773e-15
384 2.000626185900085563 4.6211203568020735588 -1.3454136399150140821e-15 1.0752512507318079608e-15
385 2.0007030392157427734 4.6208034074167994021 -1.7522998313419779537e-15 9.2261493579313132135e-16
386 2.0007233307019309798 4.6210071644381223166 -1.3694571808234158586e-15 8.8691252334119954711e-16
387 2.0007501629030350898 4.6212427089087615428 -1.8457183897198390444e-15 1.0332667476270990197e-15
388 2.0007533644874593293 4.6218094375645666361 -9.1073998975487634938e-16 1.1316970124498692449e-15
389 2.0007533743811047877 4.6216181718402209455 -9.3468441907030220665e-16 8.9903941740658685591e-16
390 2.0007533830311254874 4.6223640011587034948 -1.3314380872059504663e-15 1.3329074221993596554e-15
391 2.0007533811260063139 4.6219494563426453126 -1.3459337346478580922e-15 1.316753284525625741e-15
392 2.0007533815680513811 4.6227662501339574774 -1.225494593391588031e-15 8.8817221988917410352e-16
393 2.0007533800525134637 4.6222077363453806242 -8.5473438024522578142e-16 9.2859599340089224286e-16
394 2.0007533770724621469 4.62303149888265974 -1.0861172052792710549e-15 2.2154281639176498288e-15
395 2.0007533769513079491 4.6223691168429414944 -1.3172488519183725254e-15 1.0852879457453918151e-15
396 2.0007533719072321254 4.6231608179717156304 -1.1611473565658772881e-15 1.67839255362515209e-15
397 2.0007533717911361038 4.6224184156384220401 -1.8766663213335185332e-15 8.9108814133790670459e-16
398 2.000753366366738728 4.6231542979132349558 -1.1078180001435463454e-15 9.5310243491059839495e-16
399 2.000753363184956779 4.6223508407301867607 -1.9956372610179992833e-15 9.3007116463306246591e-16
400 2.0007533591511692528 4.6230120830116954167 -1.0307749090270052406e-15 9.969444287652668012e-16
401 2.0007533474907521764 4.6221721891437628216 -1.0397616197928607676e-15 1.9983651730950896979e-15
402 2.0007533462676487801 4.6227345423234158517 -1.3425241519928539586e-15 1.9475811789027013541e-15
403 2.0007533121636633666 4.6218989551985183439 -1.5041967894285403383e-15 1.7731368260965515998e-15
404 2.000753311416060054 4.6223214660538580745 -1.298742663530386243e-15 9.6883602342821112081e-16
405 2.0007531689481892201 4.6215564737382122118 -1.2224271416793098864e-15 1.1104592873307369093e-15
406 2.000752971291445359 4.6217583794336389857 -1.1784699573583450416e-15 1.5564528163039892107e-15
407 2.0007448250922195143 4.6211744737717079801 -1.3133308614167372173e-15 1.3348690169070593215e-15
408 2.0007016416158731609 4.6209456898606848796 -6.933610294036041968e-16 1.769974826120695604e-15
409 2.0006854292837075171 4.6207417107988888461 -1.4028671506126147614e-15 9.7777120787833008751e-16
410 2.0005931792151416815 4.6210608214021116069 -8.8803390561131448856e-16 1.0518455919530396705e-15
411 2.0005899457499927152 4.6210210855892945858 -1.2518709763486399457e-15 6.5033908590222583783e-16
412 2.0004853673424394245 4.621377506907268895 -9.9204640473507691535e-16 1.2594049826491704454e-15
413 2.0004871229569745061 4.6213383223158057689 -8.7070046674004556428e-16 1.1102531189646309836e-15
414 2.0003857834304574759 4.6216364545987707046 -1.690641097813506927e-15 1.7760387469752323627e-15
415 2.0003898620106164152 4.6216055842646071028 -1.7649418476045545424e-15 8.8819359994516340407e-16
416 2.0002991216696415222 4.6218560826155670185 -1.7517045268690771528e-15 5.0307912294876102127e-16
417 2.0003019204453802438 4.6218288281393107297 -1.178047636293615049e-15 1.3431319170484558651e-15
418 2.0002247353072948322 4.6220406020684965398 -1.7104359742274692816e-15 8.8818758230371659957e-16
419 2.0002246287784379852 4.622015164849837987 -8.8825040649412869867e-16 1.3376868277563841613e-15
420 2.0001615028623831449 4.6221945167556519607 -9.5914309050262852122e-16 1.4526961763392296514e-15
421 2.0001580467849930933 4.6221699896439165656 -9.0582763029565165833e-16 1.6664396390771137793e-15
422 2.0001083993956636498 4.622321583118890409 -1.3595646503681200668e-15 1.1453606906887534823e-15
423 2.0001017381360508551 4.6222974116254249566 -7.4144324351406391263e-16 1.0971052290427216933e-15
424 2.0000645790658997392 4.6224247743426998269 -2.6495034821687248884e-15 1.1373363080433253178e-15
425 2.0000551121251128883 4.6224005736589282023 -1.7763571833910649852e-15 8.5035026319344862722e-16
426 2.0000293712098606846 4.6225063916026796207 -2.3592575914809767391e-15 1.2552082028008201417e-15
427 2.0000175733882015194 4.6224818700070660071 -1.0421472919667951857e-15 1.1618800968863747241e-15
428 2.0000022606155356542 4.622568175568147808 -1.2658089122869797005e-15 1.1743577030686541657e-15
429 1.9999885894035842604 4.6225430969406477999 -9.2656963495223827194e-16 6.6615323146548524229e-16
430 1.999982868161762628 4.6226113943017033137 -1.2822062465039197992e-15 1.0181400404961459868e-15
431 1.9999677210089392698 4.6225855574538892157 -6.4819172289435735764e-16 9.5402681772576353482e-16
432 1.9999709355162285096 4.622636906699602477 -2.0817095945198220749e-15 1.0278922380340424796e-15
433 1.9999546354665400649 4.6226101328770230481 -1.1651915069207284245e-15 1.3105889503814038492e-15
434 1.9999663142011689931 4.6226452045186361417 -1.1928338002772623274e-15 1.423503234897773652e-15
435 1.9999491114137966097 4.6226173292982162266 -1.3206305162456683945e-15 1.5562695133513501594e-15
436 1.9999689582459119208 4.6226364358001399424 -1.5353306513693656236e-15 1.0229341703977192899e-15
437 1.9999510407319271987 4.6226073035822201618 -8.8817363933694922471e-16 9.1910532881627783783e-16
438 1.9999789191431061042 4.6226104113652422001 -2.4424906546449375086e-15 1.347175835333170564e-15
439 1.9999604303256441895 4.6225798715633299452 -1.3105124927257601725e-15 1.4021758377759285546e-15
440 1.9999963413331096618 4.6225665947321505911 -1.6806253005196190445e-15 9.4182949644829325818e-16
441 1.9999774056843886427 4.6225344992360355434 -8.0113526455813692121e-16 2.2076730852318285441e-15
442 2.0000214555852844356 4.6225040743709948643 -9.3789694543152966715e-16 1.1776964579944730372e-15
443 2.0000022172890146166 4.6224702761628604364 -1.012583157247110128e-15 1.4357433575815770156e-15
444 2.00005456600906939 4.6224215155427481605 -8.655678349205602049e-16 1.2636131142345138993e-15
445 2.0000352499502365156 4.6223858686130050444 -1.3046864236366327586e-15 1.394324422349070731e-15
446 2.0000960233182758508 4.6223170868331555639 -7.656940937529695448e-16 8.9161545111096436134e-16
447 2.0000770332354234071 4.6222794478759059444 -9.7889367909780714141e-16 8.8875171293057860619e-16
448 2.0001461710623944512 4.6221883535217012096 -8.982811763746361377e-16 7.6606572420731343736e-16
449 2.0001282465675083166 4.6221485864335907223 -8.8749995498618037292e-16 1.1736534839548894765e-15
450 2.0002052400805685473 4.6220321255298371099 -1.0813675511206363812e-15 6.8471000149298014071e-16
451 2.0001897010468305815 4.6219901107719572053 -1.4336337517400213646e-15 8.9763632687864364862e-16
452 2.0002731441757259923 4.621844240862408526 -7.392556486113773194e-16 1.1224925113219679429e-15
453 2.0002622488237657983 4.6217998939685438486 -1.0404594967118629154e-15 8.9322549926692530962e-16
454 2.0003490901461438156 4.6216192543713816576 -1.3322670312022194782e-15 1.0942504966080261896e-15
455 2.0003464771199088723 4.6215725632385336041 -1.5863374970365121844e-15 7.4176720492757589494e-16
456 2.0004308640799450814 4.6213499828051389784 -1.7572908289191909946e-15 9.1215210932210288862e-16
457 2.0004417246346233306 4.6213010881879608149 -1.2035744220315483068e-15 1.443268717473428912e-15
458 2.0005136525241695722 4.6210268227348105796 -1.3057814637357638438e-15 1.5114935332194194406e-15
459 2.000542697370371048 4.6209762153274684948 -1.3457457498556143964e-15 9.8728456645947265302e-16
460 2.0005882055719985679 4.6206366875167415031 -8.8024077380313701979e-16 9.1212840404223883163e-16
461 2.000626037253251166 4.6205858027294457457 -1.5994445406416444561e-15 8.9537866663910032686e-16
462 2.0006352465553765008 4.6201612358381733969 -6.4880920351516511237e-16 1.0605554010044552699e-15
463 2.0006384714803355784 4.6201149543075725745 -8.9083332429319928028e-16 1.7839074427977436148e-15
464 2.0006384759009181451 4.6195745907487975046 -1.7765863591385274133e-15 1.3626797069027947654e-15
465 2.0006385430341953047 4.6195442703384070882 -1.5249336290380364357e-15 1.1688055290411081836e-15
466 2.0006385427333435167 4.618955263217658036 -1.1762879250176444605e-15 1.1040863972765386001e-15
467 2.0006385593161581937 4.6190193043358647174 -6.8319811549586226914e-16 1.2251482869996875635e-15
468 2.0006385627379952297 4.6185717646486263988 -1.7760969794654478919e-15 6.6584131970056964759e-16
469 2.0006385672305673218 4.6189688421742420843 -1.3333177736933912882e-15 1.1021967464749117748e-15
470 2.0006385715021988148 4.6180098014039927534 -1.7762511018390744059e-15 9.2790626681649620809e-16
471 2.0006385722509909542 4.6186346151468615773 -1.5017174577094257467e-15 8.8704349946203578732e-16
472 2.0006385760792428918 4.617333720366190164 -1.3325242882732316217e-15 8.878618960489954297e-16
473 2.0006385757742171094 4.6182927616479556576 -9.6587158577470101466e-16 1.7761611181122245444e-15
474 2.0006385784706774977 4.6167932918242877705 -1.5755078822960992003e-15 1.1078936617791727016e-15
475 2.0006385780895441506 4.6181712446039187014 -1.5344925678675286626e-15 1.4792603381404949427e-15
476 2.0006385795094594471 4.6168264538496774918 -1.3330503478093012909e-15 1.2833025606363327755e-15
477 2.0006385791013716613 4.6183866133760833605 -1.5547423448638497747e-15 1.1163157807247564254e-15
478 2.0006385794502294928 4.617408112310853241 -8.5717314253225702469e-16 2.19511636141792455e-15
479 2.0006385787304008517 4.6187851895786478096 -1.3581446250708958881e-15 9.2638733912551370388e-16
480 2.000638578042329474 4.6180959512218171525 -1.0161625590144011901e-15 1.3858219857871527672e-15
481 2.0006385770132095736 4.6191474842061364114 -8.4121946637767298391e-16 1.1448983235263289749e-15
482 2.0006385743409369482 4.6186560024119396317 -1.3160429613008072197e-15 1.7763519890135811072e-15
483 2.0006385735554350624 4.6191750470258750028 -1.0601634932565229492e-15 1.5241132362517593951e-15
484 2.0006385651366884737 4.6190735650888283814 -1.1371018690304794326e-15 8.8817048472594844498e-16
485 2.0006385659453687076 4.6197028217992981425 -1.3322650246187046342e-15 1.3520747351348796683e-15
486 2.0006385279396008414 4.6196941813536227528 -8.7900089718119726865e-16 9.9007951335503430143e-16
487 2.0006385134173121365 4.6202723526534601461 -1.2219595403685679677e-15 1.4622069318251370978e-15
488 2.0006320886110167123 4.620277356414008274 -1.1402124057745600444e-15 1.1102837007290164305e-15
489 2.0006092180726398055 4.6207390303134747711 -1.3809435076144687186e-15 8.7015663360956968135e-16
490 2.0005783472280982416 4.6207512568172868228 -2.2204378534242675369e-15 1.3322907679708243939e-15
491 2.0005116030228173862 4.6211256089978807182 -1.728967205219582667e-15 1.3326630500614227688e-15
492 2.0004974847414640493 4.6211404321677331808 -1.7974273819999073281e-15 1.4173849741310238213e-15
493 2.000406312496104011 4.6214472457332975708 -8.9970821647948151662e-16 1.2894893017908918502e-15
494 2.0004082037172903341 4.6214629287967490257 -8.9938275912607299769e-16 8.9644923913714881425e-16
495 2.0003100364787282928 4.6217160013910500993 -6.9096813479911361707e-16 7.6195965189414143746e-16
496 2.0003206588159354595 4.6217317067798049379 -8.9267490773849086655e-16 1.1704552578107340438e-15
497 2.0002258841335893713 4.6219410316843889674 -9.1659379287530854104e-16 1.6792093353261121861e-15
498 2.0002399117782201365 4.6219562988061353437 -1.366199267304346252e-15 1.3332234192656109002e-15
499 2.0001536884259238924 4.6221292852678779184 -6.6596225203389459903e-16 1.6568181893214497562e-15
500 2.0001680200691382971 4.6221438440497690792 -2.2741881592481567062e-15 1.0924788189201978944e-15
501 2.0000925243900691264 4.6222860701752903623 -1.1189298969069996885e-15 1.7077985103667149435e-15
502 2.0001055364618602894 4.6222997583820992773 -1.2879641648698815032e-15 1.777001813604554709e-15
503 2.0000414006889561946 4.6224154623387221363 -1.4135872401180335735e-15 8.8557784412799520519e-16
504 2.0000523381183668015 4.6224281832819267279 -1.3322676853847786161e-15 6.9774275947885094489e-16
505 1.9999994495765647251 4.6225205948311822723 -1.0626082633503786864e-15 7.3485391625059606764e-16
506 2.0000080364472072603 4.6225322936094288551 -1.3625518949720824859e-15 1.0561997974035928373e-15
507 1.9999659662444262409 4.6226038627044054863 -2.2204431227042337968e-15 2.3819445494790155277e-15
508 1.9999721739299729517 4.6226145120229489294 -1.3409832744943182213e-15 1.4239872354030704482e-15
509 1.999940403068708239 4.6226670682082051655 -1.017334425383676009e-15 1.3316853599225798081e-15
510 1.9999443177431235341 4.622676659611196115 -1.3315588495205750076e-15 1.465016219085340807e-15
511 1.9999223530479537381 4.6227115231174407128 -8.8789452507773187971e-16 1.2343141539616032362e-15
512 1.9999241031962358139 4.622720061505362743 -1.9079432040721282067e-15 1.0403360553868966139e-15
513 1.9999115336348265437 4.6227381192588561376 -8.9623653312833557799e-16 1.7981868551003698419e-15
514 1.9999112526967870451 4.622745619531150929 -1.0549752366639193664e-15 1.3569456232475564344e-15
515 1.9999077741061599411 4.6227473744537928013 -1.7760544267648498026e-15 9.7122654189370402824e-16
516 1.9999055831445988751 4.6227538596211372735 -1.2176358598281921663e-15 1.4983844495826622997e-15
517 1.9999110067232932497 4.6227394583560545982 -8.881600804943436357e-16 1.0366788111851238152e-15
518 1.9999070084553571824 4.6227449587548408161 -1.7689928420602221325e-15 1.3184124348313987459e-15
519 1.999921260858954275 4.6227142006144976705 -1.0723505179477013091e-15 1.3321205548365517068e-15
520 1.9999155407907007742 4.6227187540344214511 -9.3668277485376901246e-16 1.572620102924322053e-15
521 1.9999386586728085113 4.6226710821003207386 -8.922605231759125226e-16 1.1104953678981059977e-15
522 1.9999312924657011159 4.6226747347631729212 -8.0723997741318791084e-16 1.7719856394549996884e-15
523 1.9999634101068819447 4.6226092083539711552 -8.8844958031504535558e-16 1.1059789189556460536e-15
524 1.9999544796393411428 4.6226120167869071409 -1.3862181501199244186e-15 8.6046641076323457431e-16
525 1.9999958033228715237 4.6225272626879494453 -1.1635675620398045185e-15 9.0792089088097442503e-16
526 1.9999854282392841576 4.6225292966370616909 -1.1112584761806606198e-15 1.031887040353310911e-15
527 2.0000361832705744192 4.6224234342563059741 -9.3044760411249716617e-16 2.3230655851061890649e-15
528 2.0000245814297112901 4.6224247809083482963 -9.2321382413249791501e-16 1.5544165741124618137e-15
529 2.0000849040559747216 4.6222953135029127836 -9.0735703166961913458e-16 1.2271922357024866714e-15
530 2.0000725047085294861 4.6222960834410287134 -8.9723527814155870669e-16 8.9672903141441345893e-16
531 2.0001422265836312775 4.6221397431656754407 -8.8817841851847657873e-16 9.1740112796802079345e-16
532 2.0001298751134037879 4.6221400787109496733 -2.2236998992135729695e-15 1.1550720998468652056e-15
533 2.0002081047950568404 4.6219526065215994493 -8.719292870632983179e-16 8.5968612373959086242e-16
534 2.0001974124050163617 4.6219526934500212434 -1.0822722028129031871e-15 9.9898676072895784493e-16
535 2.0002817518054407664 4.6217285242235046638 -1.110198290164136205e-15 1.2060825440315393318e-15
536 2.0002756220498687512 4.6217286083749158365 -1.1562807811048823149e-15 1.2101394590711654659e-15
537 2.0003608031550794699 4.6214604140602517646 -1.2841059762740722969e-15 1.2971891295896531358e-15
538 2.0003639249561255831 4.621460825218891344 -1.3305933474147379228e-15 1.3463639271259335315e-15
539 2.00043987979294835 4.6211388389926790765 -2.2204460592136661513e-15 1.1313483390503162273e-15
540 2.000457614095279002 4.6211400259146389047 -1.2712218698651207939e-15 1.7802561542526100673e-15
541 2.0005085187114022283 4.6207510176480077746 -1.3434534519855794039e-15 1.3094511185426542258e-15
542 2.0005357652363002785 4.6207536009654699427 -1.3431021326282006289e-15 8.8315864521093961615e-16
543 2.0005468324517625689 4.6202792774363139472 -1.3331946132285730321e-15 1.2697588954414191002e-15
544 2.0005481152433461922 4.6202841334655984085 -8.8053889912607060972e-16 1.332177774398741549e-15
545 2.0005481169034453615 4.6196985497755589378 -1.4029564868551703685e-15 1.4221447726682654114e-15
546 2.0005481226283290397 4.619706955453845687 -1.4647521538334115825e-15 1.1101900995943381228e-15
547 2.000548122414151031 4.6189721427846359703 -1.7766034832103998928e-15 1.3004617732666433383e-15
548 2.0005481236467494988 4.6189860726502320887 -1.6655192619146411761e-15 1.332069127372586074e-15
549 2.0005481238537345945 4.6180442777840262636 -1.3788528972028630985e-15 1.8969539878323343409e-15
550 2.0005481238969995417 4.6180671892244768983 -9.855322530680960619e-16 1.1306575741929163671e-15
551 2.0005481245186831352 4.6168272551000395509 -8.9390238363583403344e-16 1.0389407072864509623e-15
552 2.0005481244363112481 4.6168616712113488276 -1.3786826742752082698e-15 1.4902035158010154718e-15
553 2.0005481250699914675 4.6152463048172851501 -5.8354718309786703107e-16 1.3475014913979905355e-15
554 2.0005481248536893801 4.6153233715492705258 -1.6714883913650001072e-15 1.3886028039244315533e-15
555 2.0005481255855208644 4.6130886426730057792 -1.0140502494775610239e-15 1.3327713615268898937e-15
556 2.0005481258835628999 4.6134303494400228374 -1.4720947762149102365e-15 8.8820411852876885446e-16
557 2.000548126258463455 4.6098952879512280489 -1.4362517446374668414e-15 9.2619201514066040809e-16
558 2.0005481271842002755 4.610441969971020626 -1.3510957282821747022e-15 1.0014304632117362424e-15
559 2.0005481268357638847 4.6058431566186639472 -2.2376826698077139896e-15 1.1104996178472534836e-15
560 2.0005481283645116797 4.6082082196267633023 -9.0689105627174538237e-16 2.0856893239048491547e-15
561 2.0005481275368310889 4.6079662247368968764 -1.7704244417993369697e-15 8.8724358116771622913e-16
562 2.0005481288603785828 4.6103937787058661968 -1.2905561825228082445e-15 1.4383104601343252743e-15
563 2.0005481286083082182 4.611207905555728459 -1.3288783801312746451e-15 1.4015213645476871685e-15
564 2.0005481283636976642 4.6125163757420102328 -1.7830250338747816344e-15 9.3735715618202585733e-16
565 2.0005481281745489675 4.6133249859409044547 -1.0866302175585516512e-15 8.8819860150471803095e-16
566 2.0005481258744448603 4.6142453010455515283 -1.2761904262138834414e-15 9.5684029557760270221e-16
567 2.0005481260453255032 4.6149190212365525099 -8.8952545092012214464e-16 8.8817870253625171344e-16
568 2.0005481218983343084 4.615573462517928327 -1.3922416311751306123e-15 1.3284835916931124278e-15
569 2.0005481217645999514 4.6161526424991130568 -8.0289165486208622324e-16 1.215753869639967805e-15
570 2.0005481154704254365 4.6165956149866689273 -9.0470370963564073872e-16 1.0882752778214660133e-15
571 2.0005481123596373649 4.6170833254162726433 -1.1101605029383453397e-15 1.3323206667304334504e-15
572 2.0005481039088044426 4.6173932703372697617 -1.4330865193715186751e-15 1.0895866973198567335e-15
573 2.0005480792949557056 4.6178083647826699831 -1.1101218076174841193e-15 1.831488065898695646e-15
574 2.000548069149510777 4.6180283626087517135 -1.0952364710547731652e-15 1.7836078807287790822e-15
575 2.0005455321176910388 4.6183861888491151149 -1.8494991900271209644e-15 1.3317744848694584347e-15
576 2.0005462134019103004 4.6185425330878846495 -1.3636223999510817695e-15 1.248276298969114713e-15
577 2.0004901872136096053 4.6188545777923373237 -1.2250266514816136249e-15 8.8817880158095474707e-16
578 2.0004899595958973713 4.6189642040651426314 -1.0765802847628997501e-15 1.7794848658497027762e-15
579 2.0004109550033541964 4.619239090166619377 -8.9297040518223822785e-16 8.9431810984029121514e-16
580 2.0003972436262111856 4.6193133229623830616 -8.8817873930532553521e-16 8.8630746225883088632e-16
581 2.0003301520999778873 4.6195576196280141446 -1.2040059890340401635e-15 1.0685224531812681744e-15
582 2.0003012514074938188 4.619604248610285957 -1.1214164415359607345e-15 1.5155033067762452346e-15
583 2.0002534463937577947 4.6198230405516493846 -1.9411644965850185286e-15 7.3260500344680525417e-16
584 2.0002128634458182788 4.6198475392648532534 -1.0099205333439718651e-15 1.3615368324266690787e-15
585 2.0001829880678467788 4.6200448209343782935 -1.3874066192648465339e-15 8.9515937258488917384e-16
586 2.000135022680868957 4.6200510933033624994 -1.1302993001899066014e-15 6.9287277693695501411e-16
587 2.0001198079483648584 4.6202300444122199607 -8.8757708057069042851e-16 1.6051306335543137803e-15
588 2.0000680484927531033 4.6202208977297116732 -1.3322756269922471389e-15 1.1197360262603554299e-15
589 2.0000643513501530357 4.6203840787104759613 -2.6260710294096814853e-15 1.733430385071793419e-15
590 2.0000114379768731965 4.6203615315618264958 -1.47644046465220454e-15 8.7295273876074962525e-16
591 2.0000167015012833005 4.6205110243754665689 -1.3700339198856666249e-15 1.7761815478523158498e-15
592 1.9999644909392082504 4.6204765113507448859 -1.7533896113224276377e-15 1.9328621991276531697e-15
593 1.9999767348274364309 4.6206140223309217774 -1.7816858723541726716e-15 1.3955954036229368694e-15
594 1.9999265302292656976 4.6205685320722214016 -1.0917348960752714495e-15 8.2766462555629591298e-16
595 1.9999442315930007208 4.6206954678902905087 -1.1283735749347256841e-15 1.7763572633995152489e-15
596 1.9998969756743825155 4.6206396366972208867 -1.0985861659308147189e-15 1.461287670470304033e-15
597 1.999918948321313561 4.620757160895084148 -1.2307934625823069816e-15 6.6324671831211246098e-16
598 1.9998753638108921482 4.6206913356959837813 -1.431417685078999212e-15 2.4372985317351017819e-15
599 1.9999006617580934453 4.6208004108367388696 -1.4277807918186996436e-15 1.7771942883857736597e-15
600 1.999861348233685554 4.6207246902094452068 -8.8879296417240804661e-16 1.0081251862542767637e-15
601 1.9998891939554630515 4.6208261090785613945 -1.248632020443046342e-15 1.2008487848524059e-15
602 1.9998546941198551696 4.6207403677671141651 -8.5554336361742736931e-16 1.7727536988345408303e-15
603 1.9998844256800267782 4.6208347759254255749 -1.3185012099628602377e-15 1.3797207535544927823e-15
604 1.9998552721617297578 4.6207386761529853914 -1.7969499188770803213e-15 8.8817914794794985672e-16
605 1.9998863028160507316 4.6208265873159204418 -1.3954383191786567194e-15 1.8429878310199825491e-15
606 1.9998630537500921012 4.6207195786811112725 -1.1373536241791817186e-15 1.7398796044289197822e-15
607 1.999894838404131292 4.6208013837418340231 -1.3426291715193244477e-15 7.7298530522910021612e-16
608 1.9998781077442318033 4.6206826923108401672 -8.9787784652383876635e-16 1.3932578728944269734e-15
609 1.9999101114177686433 4.6207586622478151739 -1.0520371593354483394e-15 1.3210017887749572338e-15
610 1.9999005982553561545 4.6206272684229636738 -1.7179783934235901198e-15 1.1126282358425024795e-15
611 1.9999322621334354455 4.6206975507467680231 -8.5992496073598816652e-16 1.326079855658961419e-15
612 1.999930781794121204 4.6205521544390801836 -6.2439295117504898073e-16 1.1373846560561852617e-15
613 1.9999614827912957082 4.6206167621470015661 -8.8811719976554041629e-16 9.0012281473870146767e-16
614 1.9999690000396470602 4.6204557325479385099 -1.3452249300898136831e-15 9.0038350709561196205e-16
615 1.9999980010446387624 4.6205145236479605586 -1.5370424968456664722e-15 1.4891975669719915966e-15
616 2.0000156597097471511 4.6203358292871499202 -1.1010449543844653795e-15 8.7150162029557175045e-16
617 2.0000420524237711994 4.6203884736402640598 -1.3889179918504989293e-15 1.2674346769561067476e-15
618 2.0000711795269068283 4.6201895861537920496 -1.3317699585211792109e-15 8.1435806235163305001e-16
619 2.0000938364311218187 4.6202355143654116887 -1.6181409833329766908e-15 1.3321507232271871979e-15
620 2.0001358555972896802 4.6200132760523562325 -1.5404249182187619308e-15 1.0711224255488226566e-15
621 2.0001534460506267266 4.6200516018990036571 -1.3391148235711958999e-15 1.2391937360780648511e-15
622 2.0002095223001958857 4.6198020419963805594 -1.4252669904129473199e-15 1.5829595680842052102e-15
623 2.0002207353082233077 4.6198314444604351436 -9.7126477975827197228e-16 1.2058996162070135906e-15
624 2.0002906896334216036 4.6195495208947612298 -1.1088177948359156918e-15 1.6996818263808756798e-15
625 2.0002949660976532265 4.6195680625366337679 -1.1103548534929726506e-15 1.7759389477571674852e-15
626 2.0003743404250737825 4.6192472925270653406 -1.298414414323412465e-15 1.1167064124728484046e-15
627 2.0003735321017641624 4.6192521342063601608 -1.7229366937881183029e-15 1.4039381947714971902e-15
628 2.0004466059552381552 4.6188840544582019376 -1.7750600640821722515e-15 9.899878983630344627e-16
629 2.0004466091933466032 4.6188709953377662387 -8.8814517340464293444e-16 1.0067873246964810583e-15
630 2.0004754783798892603 4.6184443529017222829 -1.2478816748619380705e-15 1.3293465602823234811e-15
631 2.0004755453401035226 4.618407064301736753 -9.9202632282652110611e-16 1.3373764046920544459e-15
632 2.0004755966558787073 4.617906566856952999 -1.2884501013117905316e-15 8.8817313806562186873e-16
633 2.0004756034707353862 4.617835265241231113 -1.2428575520548965659e-15 1.3230659330196165284e-15
634 2.0004756061084454366 4.6172395815452986767 -1.2415919397385239392e-15 1.3678367027523695788e-15
635 2.000475609427319057 4.617118618835917232 -1.0889654491931801376e-15 9.6618831511739190524e-16
636 2.0004756093721254295 4.6163970423472928672 -1.7635205635197670062e-15 1.1740554427746380028e-15
637 2.0004756111484445213 4.6162002709297933478 -1.0169187698222735727e-15 1.0975499206586699352e-15
638 2.0004756111060264523 4.6153068647538013636 -1.3321267105676244843e-15 1.0699018362217045014e-15
639 2.0004756118183841807 4.6149880617040546227 -1.7768592237360255127e-15 1.2110089753794702155e-15
640 2.0004756123071461005 4.6138507319956527652 -1.7759192174948996355e-15 1.0176509211354474485e-15
641 2.0004756122469720125 4.6133219262108795533 -1.3113604925284530135e-15 1.370643657121211727e-15
642 2.0004756132611682951 4.6118204377068776623 -9.4820023749824228166e-16 1.2189170960611001807e-15
643 2.0004756128333904819 4.6108965126972734083 -1.109618485246361014e-15 9.8909783694826539162e-16
644 2.0004756140419734933 4.6088143152674785341 -1.6623411730139104332e-15 1.6239302966157791116e-15
645 2.0004756139443058416 4.6070441775225514647 -1.0129337581612170851e-15 1.9241613166196046563e-15
646 2.0004756148277533789 4.6039594906269849517 -1.7380166809403959523e-15 1.7744787320205230692e-15
647 2.0004756151252465202 4.6000528925945518566 -8.8863363848258122273e-16 8.7908047838068854584e-16
648 2.00047561530895468 4.5948549686909583301 -1.2793606436756009787e-15 1.0307446033325255603e-15
649 2.0004756163916397327 4.5829895767844792687 -1.0782740730197693305e-15 1.9888234294780119372e-15
650 2.0004756160385341879 4.5872434546541853706 -1.1126808643473631553e-15 1.1102230328697108743e-15
651 2.0004756170284441197 4.5870889381134372087 -8.8238652077763803959e-16 1.2648777115273070647e-15
652 2.0004756168755992718 4.6020016437116977315 -9.1533666231797469381e-16 1.1750535486694774032e-15
653 2.0004756170852968644 4.6019486400985059049 -1.0752507988775297418e-15 8.8308724695278535439e-16
654 2.0004756170574520269 4.6086339735103392101 -1.0047666339225698016e-15 1.7888218399976817445e-15
655 2.0004756171718725 4.6086340089278632348 -1.3333525634066052921e-15 9.7641645953053097267e-16
656 2.000475617391254346 4.6124040985695042849 -1.3162003642486027921e-15 1.1867384780117008483e-15
657 2.0004756173921958151 4.6124466937589723159 -1.3465268856233831111e-15 1.3900239959609340739e-15
658 2.0004756176447431315 4.6148251751689732814 -9.9948472489530490455e-16 9.3993588697498111473e-16
659 2.0004756177834024378 4.6148888519454391854 -1.2470391459873434384e-15 8.6544360081929097809e-16
660 2.0004756178776146314 4.6165081912629668537 -7.8575395657996737805e-16 1.8778927715169741226e-15
661 2.0004756181294500728 4.6165800730701915811 -2.2239629478589650551e-15 2.1140738722392086474e-15
662 2.0004756180964688994 4.6177418416166045034 -1.4700704983026905758e-15 8.8736184653514792393e-16
663 2.0004756182022385147 4.6178155141490835334 -1.3824548189890042762e-15 1.5590281268548276975e-15
664 2.0004756181976235396 4.6186810507073232657 -1.6328217519377493047e-15 8.4998300256573095776e-16
665 2.0004756174520346157 4.618753347263997 -1.3296860247060734278e-15 1.5111874871133988611e-15
666 2.0004756177232483338 4.6194164719565078414 -1.8269836904846872678e-15 1.1670994125590833938e-15
667 2.0004756129792067298 4.6194858738297330802 -1.0459625765498025143e-15 7.2046006167840931982e-16
668 2.0004756135964445463 4.6200046840459823017 -1.7414389544041604837e-15 1.3360801690907421356e-15
669 2.000474459565560803 4.6200705264833734631 -8.9191882143743327317e-16 2.1722148750902801601e-15
670 2.0004701677816312255 4.6204828054052962116 -1.0656513232467868404e-15 1.3433148052990536714e-15
671 2.0004361299135888785 4.6205448722572057818 -1.0793728105668923199e-15 1.2101739211880945193e-15
672 2.0004029099959441673 4.6208761710667625167 -1.7843383544656986123e-15 9.4476999800361922189e-16
673 2.0003697986531596698 4.6209344817916182535 -6.5028695111303532562e-16 1.1168587176383096046e-15
674 2.000312158240252991 4.6212026342419392222 -9.7796505453220952281e-16 7.6917054829595112101e-16
675 2.0002942826953162836 4.6212573293063590185 -8.8761634696743377266e-16 8.8817782366936842209e-16
676 2.0002236710670802111 4.6214751059215473106 -1.2009056507028486573e-15 1.3208799874108976488e-15
677 2.0002185436315760292 4.6215263841462830285 -1.5511451928996537461e-15 1.1536798725713336018e-15
678 2.0001441313465440075 4.6217031202170781867 -1.3322676732094767251e-15 1.6552849329599901664e-15
679 2.0001474411953488186 4.6217512043137958244 -1.3325740293139830304e-15 1.1056449844734549149e-15
680 2.0000749026119346574 4.6218938344782332095 -9.8922305558542153814e-16 1.2832328552650770121e-15
681 2.0000833092762473342 4.621938952237796272 -9.1033942956028066948e-16 1.4069115584654556366e-15
682 2.0000157953084394258 4.6220526877672343247 -1.8237996229164442502e-15 5.2401370756136483125e-16
683 2.0000270325123232773 4.6220950620944236675 -9.9968259288542524268e-16 1.0494354195514217264e-15
684 1.9999662030374405486 4.6221838453135450919 -1.5970454857619948783e-15 1.3323290939526280572e-15
685 1.9999787652271601157 4.6222236893283321635 -1.7744268362796717212e-15 1.2370842703972429369e-15
686 1.9999254665369785577 4.6222905045352637998 -1.7784481366068140907e-15 1.5576295271701018366e-15
687 1.9999383385466522611 4.622328019600375093 -1.3487113668821323178e-15 1.5278330712613452576e-15
688 1.9998929909593787801 4.6223751088074038762 -1.1569639454708443014e-15 2.2203513622148946543e-15
689 1.9999054705868239967 4.6224104842559912143 -1.9406801451596936348e-15 1.4808021639002041717e-15
690 1.9998682801788827401 4.6224394979248044635 -9.9645191402109885488e-16 8.8809115610293491911e-16
691 1.9998798700514155424 4.622472911781144056 -1.3276254192518226987e-15 1.3161666985565394061e-15
692 1.9998509428523907339 4.6224850137542530248 -1.084793849711788208e-15 1.047288807943002908e-15
693 1.9998612858163429262 4.6225166340432517487 -1.4959541028859042787e-15 1.1269781795332887426e-15
694 1.9998406893915794402 4.6225125730123846068 -9.2098013074466635836e-16 1.5543122374830099069e-15
695 1.999849530008849241 4.6225425594336426727 -1.4408130581645100772e-15 1.5458907761217091471e-15
696 1.9998373266948352711 4.6225227148312342251 -1.3213371151274941384e-15 9.3587082709528635986e-16
697 1.9998444884358559381 4.6225512206828591744 -1.0547655796625105002e-15 8.8976616363617561574e-16
698 1.9998407529958523998 4.6225156278491610351 -2.442490451610142705e-15 1.3329095224598870994e-15
699 1.9998461252206300998 4.6225428021564889391 -1.3034148365424154826e-15 1.163357386429181582e-15
700 1.9998509533932984361 4.6224911594227453548 -1.0787701921739436124e-15 1.554407473131838941e-15
701 1.9998544849302879456 4.6225171492732970435 -1.6598469637599235711e-15 8.9201805274652475508e-16
702 1.9998679956882625675 4.6224488078216312559 -9.6736868458244213673e-16 6.4656020568309374935e-16
703 1.9998696935353732496 4.6224737609403936389 -5.9941265615223462067e-16 9.6578999088309848819e-16
704 1.9998920252664473818 4.6223876966672259314 -1.776435116340359699e-15 1.7760729900462796487e-15
705 1.9998919582693452934 4.6224117642910718118 -8.5009534452431184374e-16 1.1544301623263512793e-15
706 1.999923256309033226 4.6223065291621097117 -8.8638216761458926725e-16 1.147217328241005665e-15
707 1.9999215652080166716 4.6223298692903380669 -1.7790059665783170323e-15 8.9561213327201200303e-16
708 1.9999619536773374229 4.6222035175578337629 -1.9235730251724584674e-15 1.6800850659596884906e-15
709 1.9999588714552141155 4.6222262986666073914 -1.8599176386530650563e-15 1.2148061711619412436e-15
710 2.0000083934168357835 4.6220762804638475529 -1.3236723343490046116e-15 1.9152659072414611e-15
711 2.0000042847965699977 4.622098685766449222 -9.8449481114163148621e-16 1.3322615175699271954e-15
712 2.0000627753241677631 4.6219216964619107557 -1.2783058034534788463e-15 1.3351699068507942735e-15
713 2.0000582138789519959 4.6219439287565986518 -1.0538427355772746869e-15 1.3322694945352849442e-15
714 2.0001250272355348692 4.621735696166757279 -9.8327237316730717026e-16 1.3224797077032095814e-15
715 2.0001209453828265872 4.6217579831972726012 -9.7142986261584492908e-16 2.2158616146568011169e-15
716 2.000194362136594961 4.6215129648366621851 -1.3321141266756526918e-15 1.8460120595608630426e-15
717 2.0001923255291425008 4.6215355648050628901 -1.1881507638827773696e-15 2.2304985315893248937e-15
718 2.0002682836507106323 4.621246511155718828 -1.9078666214235079783e-15 1.395124772966136732e-15
719 2.0002708626962428795 4.6212697173715078236 -1.0305397500369901057e-15 1.2910763075415279471e-15
720 2.0003405234627518183 4.620927029827519128 -1.8818936347562589739e-15 1.0266719628906954112e-15
721 2.0003508731369388229 4.6209511719922984341 -1.3631501491533661226e-15 1.3312109727129334901e-15
722 2.0003976898928739203 4.6205419363791415677 -9.1937535221880738558e-16 5.1398373254928826629e-16
723 2.0004113479607661397 4.6205673726300275916 -8.5956127940882011861e-16 9.4138029429492487035e-16
724 2.0004165999388674457 4.6200738624258157472 -1.3315951395693993584e-15 1.1046261244983906376e-15
725 2.0004166001367300609 4.6201009484069590627 -1.6132652035907731185e-15 8.8983116487511216877e-16
726 2.0004165997953928802 4.6194982269587185897 -1.7796217012863840432e-15 8.8817096323435300124e-16
727 2.0004165988465616444 4.6195272292699787187 -1.0367573579261458076e-15 1.1516692751287592264e-15
728 2.0004165985030661901 4.6187791505868007746 -1.332276883447315841e-15 1.1102270213097385048e-15
729 2.0004165976890155854 4.6188100240820046949 -9.0789884421494478854e-16 1.3315943078655642794e-15
730 2.0004165973513607923 4.6178622307591323803 -1.164939199258548155e-15 9.6141270382868185761e-16
731 2.0004165967054539088 4.6178940499892933147 -1.2106027422459981171e-15 9.1393907217204191167e-16
732 2.0004165963635571757 4.6166609624556915747 -8.6369805639127410938e-16 1.3316458104580858272e-15
733 2.0004165958783102219 4.616690418814600072 -8.4480672445839217596e-16 1.1369632485546907076e-15
734 2.0004165955245611919 4.6150291891865009575 -8.8820539181332294168e-16 1.3324520796066769182e-15
735 2.0004165951959458347 4.6150463279439630782 -1.2204375916037161651e-15 6.558060682135702642e-16
736 2.0004165948240051343 4.612699418640900717 -1.0638586478022395742e-15 8.9277029043773936678e-16
737 2.0004165946628162942 4.6126741190957956107 -1.7114032201234243626e-15 9.7670349086071650725e-16
738 2.0004165942648932663 4.6091250428400218908 -1.298778605612966054e-15 1.3322985487132479956e-15
739 2.0004165943012752749 4.6089561715098730232 -1.3742008451235353918e-15 8.8954682444956402865e-16
740 2.0004165938756375276 4.6029913183879616057 -1.0605241827054682501e-15 8.9736185266706783513e-16
741 2.0004165941298550635 4.6022553028436368194 -1.2738996716426536542e-15 1.2888510177356444304e-15
742 2.0004165937485667293 4.5901450999788826479 -9.9980663717932270105e-16 1.8005935029255377014e-15
743 2.0004165941296800924 4.5860220861301232986 -7.858795434891214757e-16 1.4148140392521684119e-15
744 2.0004165940649554223 4.546196709148385473 -1.1367442817055526049e-15 1.443582115737932927e-15
745 2.0004165942878064932 4.3958180549553711458 -7.0403820862750649194e-16 1.3408048583619525441e-15
746 2.0004165944292950918 4.2863545502215742999 -1.0672070708733843686e-15 1.2020769589197093782e-15
747 2.000416594655437752 4.2762028181072162525 -8.8763600879493469255e-16 1.1130032474693546747e-15
748 2.0004165947346645993 4.3736922395844803901 -1.2687235047828265879e-15 1.325961332942061589e-15
749 2.0004165946447671764 4.5280424702220889444 -8.8915960672692056086e-16 8.8558184341318464323e-16
750 2.0004165944517580122 4.5864948733273465109 -9.4585868862820499402e-16 2.0670028723018299929e-15
751 2.0004165938295095373 4.5875271574453426737 -8.1029452207283218751e-16 1.3316939860198340762e-15
752 2.0004165940513600752 4.6021549968696957578 -1.2256299241845033765e-15 9.7050889525255723911e-16
753 2.0004165930251529559 4.6021622366257997072 -1.0521176573856014163e-15 8.8847394653054132025e-16
754 2.0004165932935453753 4.6088287237662184381 -7.2730798578765172651e-16 1.3010151020551911954e-15
755 2.000416592434580032 4.6088048036915560957 -1.5543153997454440731e-15 1.3328275159715031679e-15
756 2.0004165922292007629 4.6125786877109096196 -1.0904837258741419378e-15 8.876634998291061754e-16
757 2.0004165918731273699 4.6125806090585692587 -1.0397739364200995265e-15 1.6020223234669562369e-15
758 2.0004165910770472792 4.6149846045035483044 -1.177693358115669846e-15 8.8817839433246724424e-16
759 2.000416591090337981 4.6150061409113849464 -1.4098261090422047139e-15 1.3562687434563641562e-15
760 2.0004165899362296166 4.6166563652748351387 -1.1189153888094066381e-15 8.1876697580704202179e-16
761 2.0004165897098502569 4.6166891540077275025 -9.9769902087946276331e-16 1.5509579404853027305e-15
762 2.0004165886076341607 4.6178817389586672704 -2.1286315450610177572e-15 1.0439398673998430473e-15
763 2.0004165869712764447 4.6179202261555234443 -9.6139293518799353371e-16 9.9625584660795756685e-16
764 2.0004165864238232508 4.6188147614388190831 -8.8561508861212434907e-16 1.1522384400906947943e-15
765 2.0004165807992371207 4.6188556048796760578 -1.0774586389386556987e-15 9.9920754224664880896e-16
766 2.0004165813054091139 4.6195454604517118824 -8.9254574823462223587e-16 8.8173527028225982537e-16
767 2.0004165620362135414 4.6195866977608570636 -1.3322765556220983283e-15 1.2596980645333754543e-15
768 2.0004165618412463878 4.620129994013143282 -9.5966866342379429735e-16 1.5711234539757843639e-15
769 2.0004163158084127261 4.6201704881339882292 -8.8887276853609393632e-16 5.9188558089525896025e-16
770 2.0004139308293820143 4.6206051963943002292 -1.3211868905773594528e-15 1.326081830465204795e-15
771 2.000390156350227322 4.620644302662231695 -1.0572749002572059543e-15 1.3311899476327789495e-15
772 2.0003557760412764566 4.6209962072103838437 -1.3341358717594558141e-15 8.9742260653155078822e-16
773 2.0003305998675493527 4.6210335767923576 -8.5165438704132308143e-16 1.3091559230680097317e-15
774 2.0002722718875785013 4.6213207424258557765 -8.9066686329166383454e-16 1.7745759463768205086e-15
775 2.0002587081729603646 4.6213562055068679868 -1.3898902014360297239e-15 1.1067647025097619599e-15
776 2.0001891830987421628 4.6215916145939637261 -1.1233436630965521557e-15 1.0367729552985360705e-15
777 2.0001853088463210639 4.62162511005509824 -1.1129687779696617916e-15 1.7671498688099596948e-15
778 2.0001134835695304481 4.6218182858013809877 -1.332864762318599323e-15 1.2296691864828260544e-15
779 2.0001160680602749764 4.6218498183224347997 -1.3795045005023671456e-15 8.9138043193403215958e-16
780 2.0000469827073361628 4.62200785970157213 -1.2457243105849913108e-15 1.7765912768945178081e-15
781 2.0000535363513862741 4.6220374733099207631 -1.3140245992894983856e-15 2.17632926614231806e-15
782 1.9999898539232041639 4.6221657346089966012 -1.3327580154631666137e-15 8.9160353286855550679e-16
783 1.9999986334786270525 4.6221934962642858835 -7.1282554740209417875e-16 9.0238611781179092757e-16
784 1.9999417397081802328 4.6222960442992988561 -1.776588547346222815e-15 5.4751074450992495524e-16
785 1.9999515216116499072 4.6223220337088051224 -1.3334606647814421975e-15 1.7807242560539101775e-15
786 1.9999021401283703092 4.6224019614953668622 -9.5309959837979479448e-16 1.0655988841713000447e-15
787 1.9999120469269795475 4.6224262648638188011 -8.8216806753900340119e-16 1.2152160029062805074e-15
788 1.9998705589252447901 4.6224859098401926971 -1.3322667085556355722e-15 1.9917251787103778869e-15
789 1.9998799505516380304 4.6225086161493775805 -1.4973172199721734735e-15 1.0820033475244006697e-15
790 1.9998465596187995352 4.6225497130593389272 -1.7773786286036427856e-15 6.9460478753251182941e-16
791 1.9998549676247661111 4.6225709120088342985 -1.0473307606878003902e-15 1.1226042549694093173e-15
792 1.9998297859737619309 4.6225946996466680261 -1.203617614477845924e-15 1.3322694001543674197e-15
793 1.9998368735138920549 4.622614480717835761 -7.2767604398982618475e-16 1.0978585569610213561e-15
794 1.9998199678750745445 4.6226217749015425795 -1.7467727276038906981e-15 1.1381334318748474446e-15
795 1.999825505221053179 4.6226402272148767736 -1.438819409921634445e-15 1.3322402011321446669e-15
796 1.9998169212904963743 4.6226314679024076426 -1.3535228703730949485e-15 1.3313687575817516319e-15
797 1.9998207712399540537 4.6226486806742945745 -1.3756454425452222513e-15 9.9053727443932876354e-16
798 1.9998205459958551256 4.6226239580983099486 -8.8826199923063283017e-16 9.7477377959928624156e-16
799 1.9998226561288654501 4.6226400215956431339 -1.0547119006349087707e-15 1.1149472306217310676e-15
800 1.9998308224741605521 4.6225990840678932159 -1.041967390070978672e-15 1.3338847165772149987e-15
801 1.999831222608544401 4.6226140910272484064 -1.3321342574549617976e-15 1.815393281691282186e-15
802 1.9998478081266519712 4.6225563352671148465 -8.9576928297427628139e-16 8.916284286670926337e-16
803 1.999846612059734241 4.6225703827996333928 -1.8222174660370202943e-15 1.2606431675778153415e-15
804 1.9998716318379572421 4.6224948259836846631 -1.5141490137059367359e-15 1.7778436949383511494e-15
805 1.9998690428283545373 4.6225080180365996085 -9.517109908566554697e-16 9.5777597171918497353e-16
806 1.9999024843934511964 4.6224132489938218882 -1.421178343662768603e-15 1.2193022476715899695e-15
807 1.9998988039943990103 4.6224256994918819785 -1.2267448627057727928e-15 1.7682512738516282169e-15
808 1.9999405993379117952 4.6223098043015697911 -1.3354188001162845397e-15 1.134969091113966801e-15
809 1.999936239294111795 4.6223216411479857157 -1.3131385218563312565e-15 1.3339870061709436685e-15
810 1.9999862126258030059 4.6221820954648080715 -9.0399676784834922866e-16 8.880317197597192216e-16
811 1.9999817099563681477 4.6221934656489223059 -7.397231853271954789e-16 1.1173508161111109339e-15
812 2.0000394749744350165 4.6220269818214365642 -1.3352582338332073226e-15 7.8822592177771031279e-16
813 2.0000355123655757517 4.6220380579575675029 -8.8817899174356024467e-16 1.1102226945250339793e-15
814 2.0001002550227693355 4.6218403685169242578 -8.8817701122230517802e-16 1.3318148924211680917e-15
815 2.0000976968229284836 4.6218513572188202332 -1.0096571284702808154e-15 1.334324575120119969e-15
816 2.0001676771689242962 4.6216169060393772483 -1.332508637678241032e-15 1.7912705441571588384e-15
817 2.0001676596982060907 4.621628058590785848 -1.0066372516108433448e-15 1.8444217236895799473e-15
818 2.0002389936233710976 4.6213495542075451183 -2.7665347668954942521e-15 1.115812304004419929e-15
819 2.000243164224654091 4.6213611799434763938 -1.168204318921552735e-15 1.239946037779091382e-15
820 2.0003069980825842755 4.6210289370537864784 -1.3322164350199797092e-15 1.3290294385830235135e-15
821 2.0003175188795538908 4.621041419509523962 -1.4601162614429431813e-15 1.3321937616397923175e-15
822 2.0003564314486514952 4.6206423648062653342 -1.172215214914357334e-15 1.038552994345896197e-15
823 2.0003667886756866245 4.6206561794739808846 -8.8823119482702136221e-16 7.1898447548982846967e-16
824 2.0003678319760154203 4.6201723070194287146 -1.3693577842563420413e-15 1.7832838243144196832e-15
825 2.0003678928205559373 4.6201880360116964752 -1.3333876888940836503e-15 1.3338079459012939455e-15
826 2.0003678936389204246 4.6195939239772041418 -8.7384225788481720001e-16 1.5133250147587554785e-15
827 2.0003679066107262763 4.6196122530197216705 -1.2535428233992447695e-15 1.2906790967059397773e-15
828 2.0003679049228964004 4.6188709053628551615 -1.21847644897328203e-15 2.0564561481873678316e-15
829 2.0003679100799147683 4.6188925607349791136 -1.3322596711176568864e-15 8.8827586036537637581e-16
830 2.0003679093056727645 4.6179480934345855658 -1.7370690438807432598e-15 1.3322676517013748514e-15
831 2.0003679113181056515 4.6179735950059086491 -9.7693537052581099641e-16 1.7759105546224488017e-15
832 2.0003679113732615313 4.6167375745757386341 -2.4126233534651661239e-15 1.0469601169786317059e-15
833 2.0003679118896235956 4.6167664255558245046 -1.1180458467722196602e-15 1.4669901559678569668e-15
834 2.0003679123613267166 4.6150903493887494022 -1.5426212182607439168e-15 2.1733755497948230364e-15
835 2.0003679123055708722 4.6151183990915303212 -9.2360106710740706566e-16 1.3460604323736897085e-15
836 2.0003679127783806635 4.6127325620195298583 -1.1016549742480076486e-15 1.4572619946838152541e-15
837 2.0003679127358267031 4.6127427636048228266 -9.2853724342543698608e-16 1.0995324384187256486e-15
838 2.0003679129001827874 4.6091011710984712835 -1.6968271871014898716e-15 7.1951097240614690388e-16
839 2.0003679131253013779 4.6090259208670500968 -6.286069840803977486e-16 1.1377820621582756565e-15
840 2.0003679129009785953 4.602828913519555698 -1.1012824055619083647e-15 1.1154545367476006233e-15
841 2.0003679132831870824 4.602350058713222225 -2.0010145980107626943e-15 1.2079026296433878198e-15
842 2.0003679128856144409 4.5895210361064826543 -1.1652520984296404001e-15 1.038634053428693736e-15
843 2.0003679131201330677 4.5862930837245681204 -1.5652228555934317583e-15 1.4744388445526300425e-15
844 2.0003679128207996207 4.5420531075122188014 -8.9616525209556776991e-16 9.6088053888898787229e-16
845 2.0003679127505265001 4.3901507570728428576 -9.0551811631595282822e-16 1.1107844658293102028e-15
846 2.0003679125784250559 4.2837776146628314677 -1.1494131601994523352e-15 1.2288711479457190123e-15
847 2.0003679123641817661 4.1806991728822469057 -9.3598092630735404012e-16 1.3286611612624712664e-15
848 2.0003679123166802079 4.0833545899081125086 -1.0389519520393917045e-15 1.2551367987411183173e-15
849 2.0003679120775954559 4.0446172974512402121 -1.1838789297241079446e-15 1.1561589493796226539e-15
850 2.0003679122508160049 4.0370517891398058907 -1.776355445719133261e-15 2.0132494181320726628e-15
851 2.0003679121934143659 4.0650946900208255741 -2.1292494510490549779e-15 1.0031635529911290877e-15
852 2.0003679122290352055 4.1362801646927191968 -1.7682894270975991826e-15 8.8892954738782349918e-16
853 2.0003679123660069727 4.2579252483404399499 -1.0792271465006494173e-15 8.5294568197713428881e-16
854 2.0003679122268986923 4.3421004249248174034 -1.5777641407910891096e-15 1.2656217211802904618e-15
855 2.00036791255310753 4.4921792037748407012 -1.5428675972960816267e-15 1.2809776081571783243e-15
856 2.0003679121449566836 4.5827313758742480587 -1.3103336848977747317e-15 1.1617257303095855292e-15
857 2.0003679124715842974 4.5834789829996438471 -1.7792168648303715549e-15 1.0692324870487867157e-15
858 2.000367912236923118 4.599265167343501659 -1.0414915843374179755e-15 1.1235162117012878528e-15
859 2.000367912514248836 4.6002112803766834759 -9.7986465172124328028e-16 9.9994818061191500656e-16
860 2.0003679124644411225 4.6065122907175597433 -6.3776410819970185735e-16 1.5288817570039693758e-15
861 2.0003679128033011736 4.607309144375632215 -1.0975662710601999532e-15 1.4155452882811243067e-15
862 2.0003679128060629644 4.610578200325658571 -1.5820707330922710039e-15 1.3295894158650947299e-15
863 2.0003679132792879791 4.6112256662489956582 -2.1613545109891450795e-15 8.98417948194793273e-16
864 2.0003679132620351133 4.6131715073900876334 -1.3552287386412720556e-15 1.332266968087475766e-15
865 2.0003679138903374124 4.6137021665333328713 -9.1332173611978638025e-16 1.3344458115738429667e-15
866 2.0003679138344292454 4.6149626515998134479 -6.9167795799527310887e-16 1.4232658747155354806e-15
867 2.0003679146097930186 4.6154045911806811375 -9.3467131798333174338e-16 1.7195874167131878398e-15
868 2.0003679145140891293 4.6162685635500668724 -1.3318326288399941484e-15 1.0697495683354233779e-15
869 2.0003679154018079167 4.6166425469670304693 -7.1963822202307512756e-16 9.2608411240587183668e-16
870 2.0003679152642086514 4.6172584388501247687 -1.1249893486946940302e-15 1.0169279264095991025e-15
871 2.0003679161384537721 4.6175794989544245439 -1.2057151670385915875e-15 2.1915800199020108567e-15
872 2.0003679159547149702 4.6180307618716787132 -8.607925611279058906e-16 1.1134096713962504156e-15
873 2.0003679161437069034 4.6183098786079188613 -1.1944687714503535968e-15 1.1191366657437391333e-15
874 2.0003679159436256185 4.6186466962584953322 -1.6938567777188592672e-15 1.4123570320107371068e-15
875 2.0003679015736226532 4.6188920235966133276 -1.8194998288564977156e-15 1.0372315306450517742e-15
876 2.0003679029407259726 4.6191461890670684198 -8.9235822646244348881e-16 1.2162304583511501122e-15
877 2.0003476031060252183 4.6193638926299902536 -1.3108138255862733352e-15 8.8735033330021118557e-16
878 2.0003395759268141063 4.6195563973737794328 -1.0926943821872602475e-15 1.2514851464633725129e-15
879 2.0002929282280330625 4.6197512211672631111 -1.3843423600380468575e-15 1.3009178585232035119e-15
880 2.0002661726161892197 4.6198963914460193791 -1.2943794608100128698e-15 1.3751828135907195954e-15
881 2.0002264511685710069 4.6200720448930878703 -1.3709259484726060488e-15 1.3879408444745128048e-15
882 2.000185783297499853 4.6201799209128591173 -1.7810885846694658751e-15 1.3530095366318177053e-15
883 2.0001580604465405422 4.6203393472734459735 -7.6469670606019955613e-16 1.7757525582499034485e-15
884 2.000109594113685052 4.6204171136873890546 -8.8022214569874433578e-16 1.3910085078959024362e-15
885 2.0000929929986517308 4.6205626794138634494 -1.4974506822810390158e-15 1.1168051910853467585e-15
886 2.0000410348596768806 4.6206155578859249289 -9.114633203954011633e-16 2.9151448475543956956e-15
887 2.0000338275716562642 4.6207491884739013699 -2.2253244444313137499e-15 1.110164280438772025e-15
888 1.9999811182717581737 4.6207810120867893744 -1.3750133442574639868e-15 1.3927275354784594258e-15
889 1.9999816349348711331 4.6209042911001603215 -1.3200849000958097707e-15 1.5138528799217298231e-15
890 1.9999299557997265442 4.6209178835554354237 -1.2168139428158384354e-15 1.3992056301130681329e-15
891 1.9999367214241441371 4.6210321258634747821 -8.8885516311245473958e-16 1.1782832237487061695e-15
892 1.9998873121793527829 4.621029556895375201 -1.6018108578677020045e-15 1.7763563965982349496e-15
893 1.9998990417239672635 4.6211358635378481097 -1.692846675634099701e-15 1.6342650907623357781e-15
894 1.9998528381256304165 4.6211186233809486978 -9.2768317112279828927e-16 1.5721214410563154504e-15
895 1.9998684113356643977 4.6212179231170669169 -1.3249046255140212218e-15 8.8699138918906902352e-16
896 1.9998261749097154816 4.6211870424116909817 -9.74405434422944525e-16 9.0681138430331885654e-16
897 1.9998446130443743307 4.6212801234425366914 -7.928998975365832714e-16 8.9245755474281611701e-16
898 1.9998070027274679195 4.6212362551547876421 -2.1323840110941850013e-15 2.2564993997803385195e-15
899 1.9998274497515393655 4.6213237894487777524 -1.0108257703653320082e-15 9.4044648445962393874e-16
900 1.9997950628937799511 4.6212672633358087282 -8.9525929080139709465e-16 1.7762451834651962653e-15
