1000
1 2.008154694043110311 4.6946975479780421736 -4.0618864193440181534e-16 5.7665031818283795472e-16
2 2.0079205001450564083 4.6915855786232150137 -3.5874265124973923565e-16 4.1439204727459477088e-16
3 2.0078219650554625098 4.6907708432494521489 -4.0962940486284861427e-16 3.5626426952898226175e-16
4 2.0078086808431865329 4.6737652137067229319 -2.9362551569099572807e-16 4.6359527003145567397e-16
5 2.0077892166214397207 4.6594086228010249684 -3.9814446022558442219e-16 4.3948329969498785946e-16
6 2.0077855574215273116 4.6552023072335551035 -5.5603807823757361626e-16 2.1925830259038578144e-16
7 2.0077741952152292626 4.6535023706002212052 -5.8220283130967965168e-16 3.0590799018327303871e-16
8 2.0077744378461712671 4.6525447243462387803 -7.1096354082117676321e-16 3.6697823714487633783e-16
9 2.0077690466116777657 4.6528386347100809672 -2.6279618175012622542e-16 5.5765703423135189526e-16
10 2.0077691512719106903 4.6508822847143367341 -3.1801682421634929258e-16 3.360811170367193711e-16
11 2.0077701167042469876 4.6509334630832537272 -5.2711684829101060039e-16 7.7621235758697597208e-16
12 2.0077723930974231692 4.6494574771832626325 -4.1023537284016592497e-16 6.1941760607041113339e-16
13 2.0077734499682264868 4.6489701667298319876 -5.6274428717884404278e-16 3.7834946475560736381e-16
14 2.0077733334085019479 4.648610807725906291 -5.9560382915779489596e-16 3.4571828463300355422e-16
15 2.0077733726590154539 4.6471108013955060301 -2.9286539577217492423e-16 3.3855698746600169548e-16
16 2.0077662894524648252 4.6450969385783746901 -5.6931546123822948375e-16 4.2224875513546278591e-16
17 2.0077669783437999129 4.6391074418731266249 -3.4846291472645288065e-16 3.6544904729142988625e-16
18 2.0077503567057002343 4.6364009497555054296 -6.0123998036801572856e-16 4.5305947801121608864e-16
19 2.0077427225083659401 4.6374328728018303636 -1.0279189987571069758e-15 4.8047304796878033571e-16
20 2.0077251370993431934 4.6367324758927468409 -4.9389277175010539048e-16 2.3568254681381387813e-16
21 2.0076226081457040351 4.6381046258044795749 -5.7264882859101835757e-16 3.4275562758131890858e-16
22 2.0076472688783821852 4.6376738061346944875 -5.6158627376793376728e-16 3.8105355736280155759e-16
23 2.0074284523620544718 4.6383578207159459339 -4.169780387064870551e-16 3.4118038304448405805e-16
24 2.0068606091147809245 4.6380621394132797164 -2.9020140689476585196e-16 4.3450971061113250276e-16
25 2.0066655134494113533 4.6382751457913107274 -3.2980483252471454119e-16 2.8390240376323535981e-16
26 2.0058666788320675956 4.6380245677753153544 -4.3456349268646987321e-16 5.9957666729107796034e-16
27 2.0054510127715756695 4.6377924357666699962 -4.3167002652712601422e-16 3.6731654238172588951e-16
28 2.0052112111411362072 4.6375605648632527434 -3.7039825664344968367e-16 4.1097825232560108988e-16
29 2.0049107784743025462 4.6367554858726753864 -3.2579246731976284922e-16 4.1242432589788736379e-16
30 2.004836149067968698 4.6365399084713914135 -3.5717530307149908409e-16 3.2111439817228693821e-16
31 2.0047920141486477164 4.6347811568809582639 -4.4620151632934043102e-16 4.2017082964030613051e-16
32 2.004788614120434076 4.6346191671096050868 -3.4599947083618003482e-16 5.0211252567937660329e-16
33 2.004777683265838828 4.6309509384670732857 -6.3027989742897340658e-16 6.8491895233729269125e-16
34 2.0047766905823762862 4.6309856171290650906 -3.9525025258648845858e-16 9.2023165377854085378e-16
35 2.0047719352844715068 4.6237588801137023964 -4.1941678499370040978e-16 5.3261874458368742751e-16
36 2.0047718190876961941 4.6201947749451619529 -5.1365820812983618639e-16 4.8911673280909862371e-16
37 2.0047690057477889347 4.6191753343079797745 -4.6990762100009499061e-16 3.0420820928707646647e-16
38 2.0047697261209389552 4.6185660122923959392 -3.5775423441634146089e-16 4.6240502023467198216e-16
39 2.0047683294029363665 4.6184933212516954271 -4.2145493993673382184e-16 4.0283713786453575703e-16
40 2.0047682367294106243 4.6185908716932955187 -4.5896303935314550809e-16 4.7448677447244713365e-16
41 2.0047685042282221701 4.6180592421016424254 -6.3018605808630421358e-16 3.6265980340832012987e-16
42 2.0047696513050463629 4.6184050362318558314 -3.86867527363119286e-16 3.7097742678025951624e-16
43 2.0047691390733342054 4.618373839722094587 -5.4653175148845510779e-16 4.2316883000316628549e-16
44 2.0047707103139291718 4.6194441055673394203 -3.8294291311499086825e-16 5.1334274117584024606e-16
45 2.0047707644275503114 4.621560730443220244 -5.5194421897059369218e-16 2.6690042796604953689e-16
46 2.0047723669239356781 4.6243614209405263793 -3.5447160905492893256e-16 4.4973521216369524591e-16
47 2.004772555548722579 4.6241614834644142462 -3.6502562898948854216e-16 4.1444756665486600165e-16
48 2.0047738888783479538 4.6264158840225597658 -2.6483748677633868426e-16 5.3991690617383574594e-16
49 2.0047743765474144162 4.625737273727288823 -5.576014856543869988e-16 4.7717996450837291229e-16
50 2.0047750556058403504 4.6273542488320895671 -5.5429565954357755076e-16 4.1526690691853349209e-16
51 2.0047758832685818042 4.6264756198205434501 -3.182329137328635391e-16 3.2871644324172542528e-16
52 2.0047759806389193749 4.6276062686762413634 -4.9692188609856843861e-16 6.6292804752021343932e-16
53 2.0047768371708363233 4.6265425874493999459 -6.5169490358083504019e-16 3.0112755020000377229e-16
54 2.0047768078377892209 4.6272664319221261664 -5.4243834535383616045e-16 3.2750851986492121845e-16
55 2.0047772492103330677 4.6259618272075364587 -3.8981040330754763375e-16 3.2902207838377067425e-16
56 2.0047774031446095044 4.6262042649063230826 -5.3410921811036836398e-16 3.8865840437697070272e-16
57 2.0047735104200117284 4.6246143366173049216 -6.1112876163026276601e-16 7.3195344321816226706e-16
58 2.0043950836397042004 4.62396167747807052 -3.2533338727349810014e-16 9.5747973269412937892e-16
59 2.0041652838565071626 4.6223150848894469789 -5.7080304590584668004e-16 5.5661212282834293877e-16
60 2.0037547315705115381 4.6195364164246877081 -7.0236690367787057959e-16 3.7948046065583289598e-16
61 2.0036117363404541969 4.618271035150832482 -5.1660017296993156214e-16 5.9647607960299322333e-16
62 2.0034163715595960653 4.6182322534626152333 -3.2662621070650598273e-16 5.6138156843943332699e-16
63 2.0033168202985298656 4.6178357947659840477 -6.9863177994830983947e-16 4.3582013318048179589e-16
64 2.0032680441965506901 4.6182913386455508586 -7.205800323438626941e-16 4.0562347477703782069e-16
65 2.0032285857940648199 4.618182646756457288 -4.8857362247022119861e-16 4.4901278527752754249e-16
66 2.0032280997960785207 4.6183685895086066253 -5.654184339608660811e-16 3.9197576456208599069e-16
67 2.0032242303798444283 4.6183423156778342644 -4.7726330058126455157e-16 4.6735969753003718134e-16
68 2.0032242694888591217 4.6183434312557931634 -5.5805853157723785272e-16 4.1849687103277454536e-16
69 2.0032234538465543139 4.6183510844533985917 -4.3794729107961407258e-16 2.7483372664281051739e-16
70 2.0032235772004702845 4.6181838972464914761 -3.0545683836297336671e-16 5.4720747544304374201e-16
71 2.0032238623892193452 4.6182144171833234836 -2.9557753759880917936e-16 6.6010420513547142828e-16
72 2.0032239469098858109 4.6178703127199662859 -2.8694985346673650191e-16 5.9938641390632463905e-16
73 2.0032246611728776742 4.6179229095980183217 -3.9648158393896156827e-16 2.9605349624880034983e-16
74 2.0032246613969735272 4.6173723186586634881 -4.9390179159565495785e-16 4.4340688514545521217e-16
75 2.0032254392442871982 4.6174538623643286428 -6.61450662089695111e-16 3.7913523502108995351e-16
76 2.0032254215259643892 4.6166381161237728392 -5.041095774373603009e-16 3.9592985673222917519e-16
77 2.0032260460440909355 4.6167732121966151837 -4.8078560823352041042e-16 4.1368625086765983431e-16
78 2.0032261386154726068 4.6155791663201535258 -8.7085276008468642367e-16 4.973270108142541241e-16
79 2.003226507682681401 4.6158476097006317929 -3.9594283476437273314e-16 7.1207382120970060123e-16
80 2.0032268519465814549 4.6146182975169498519 -3.7285436558657472043e-16 3.5443234609492369607e-16
81 2.003226930162541386 4.6151533827664996679 -4.8976300213426361976e-16 3.5950319920401177581e-16
82 2.0032273363041590564 4.6141185348761259988 -4.2122030512987817137e-16 1.0276451175500103655e-15
83 2.0032273121324215559 4.6160248898758240443 -4.4532304336512585829e-16 3.6521787302043795106e-16
84 2.0032275372772767597 4.6132637067098150041 -6.0698263671026254482e-16 5.1927387147662943172e-16
85 2.0032277118650800851 4.6156471387923838634 -4.6502911350146162811e-16 3.2080093960646903102e-16
86 2.0032276141385674251 4.6125362355731764907 -4.9062786729475459996e-16 2.791707308773666862e-16
87 2.0032279552853027305 4.6152434855277615355 -4.470643202933528393e-16 3.520310999760903874e-16
88 2.0032277629277270847 4.6128482140491033903 -3.936701174876937933e-16 3.9400792714568839521e-16
89 2.0032279011705038663 4.6149871728736213683 -5.4243749592051809462e-16 2.9556642210140016293e-16
90 2.0032279863577509005 4.6136069483958106474 -7.1324196213086404792e-16 2.6308935825538487161e-16
91 2.0032276995300102307 4.6141427906302823203 -5.5080169032434734766e-16 3.3157694059034851031e-16
92 2.0032276953617502713 4.6137636018837415719 -2.6804901540613169247e-16 3.5257245342044820944e-16
93 2.0032272633489629499 4.6147892035334496796 -3.5793062688709206997e-16 3.9668751070863325576e-16
94 2.0032264880289916142 4.6147186692444392975 -3.6054291785188230743e-16 4.3136161017981909635e-16
95 2.0032266018585289657 4.6156717251709826755 -3.5396858971264604428e-16 4.1883143014663561739e-16
96 2.0032228467206891764 4.6158106228780848568 -4.1219977091526596957e-16 3.707532959805971059e-16
97 2.0031900544451772817 4.6163822370633127434 -1.9721051334233594716e-16 5.5713464487140906055e-16
98 2.0030901124601543373 4.6165539441262071207 -4.1762944033608028134e-16 2.8922683939875313951e-16
99 2.0027895798254724546 4.616879199142052137 -4.7694624944843148652e-16 3.9014815618449055072e-16
100 2.0026941127402180243 4.6170551491769060704 -4.666287971975571099e-16 5.5448470808254146445e-16
101 2.002542839368790073 4.6171941809085197406 -4.0484449601504864233e-16 3.2612673082335674074e-16
102 2.0024577763466422375 4.6173682480785105398 -3.9778363823944425484e-16 3.8770707230370510568e-16
103 2.0024032675041407714 4.6173516522955191377 -4.9917028864978363421e-16 3.5392154839579722073e-16
104 2.0023463984221829826 4.6175226291426305636 -3.1035460841697902874e-16 3.2400172574265083774e-16
105 2.0023344753056178114 4.6173636316505373145 -4.465743154384143677e-16 5.3429415301402018051e-16
106 2.0023291628933868047 4.6175318201717816535 -4.3360448940762138589e-16 4.3633636610192732707e-16
107 2.0023292369829284176 4.6172306152759787778 -4.7509388318351354655e-16 4.5206427536921354038e-16
108 2.0023267520759149285 4.6173967719524791065 -3.8490171886816025928e-16 5.2765202006941703436e-16
109 2.0023269798022309551 4.6169413027714876208 -2.5727081557628008715e-16 4.3721613462143362751e-16
110 2.0023258525373051064 4.6171061041522714063 -3.1411913860205601173e-16 5.3741457934964340111e-16
111 2.0023259947405622761 4.6164700646456360289 -5.4833961451227858289e-16 3.8461016421857590523e-16
112 2.0023255751596864549 4.616633544173238235 -5.0036323980267622423e-16 4.1014737154752179809e-16
113 2.0023255967100466179 4.6157709186436557403 -6.159791232279726396e-16 7.8663533610407675667e-16
114 2.0023254989738603626 4.6159314208289288217 -8.5425009181825852709e-16 5.6430871252923550881e-16
115 2.0023255070838912317 4.6147651354393914858 -4.206842713213559048e-16 4.8947430410199975256e-16
116 2.0023254811390045482 4.6149168758769816279 -4.7580689086318915723e-16 3.7170041274907442931e-16
117 2.0023255590646504842 4.6133154617304983347 -5.5926541613919595731e-16 3.897166797055546165e-16
118 2.0023255017727179528 4.6134421386820516631 -4.6757438388100201129e-16 4.7390836324438684279e-16
119 2.002325635198040743 4.6111686166382570562 -3.0890115993516632118e-16 7.676157498464721997e-16
120 2.0023255732058031775 4.6112243698298174266 -3.3143499523876870283e-16 4.2343959043971403532e-16
121 2.0023256861049505417 4.6078151672183498277 -5.034091246008420907e-16 8.3435515279783354565e-16
122 2.0023256879553383847 4.6076389256432532804 -7.8607807240394661747e-16 3.5259425174199509309e-16
123 2.0023257663417601826 4.6023211071495140345 -4.9959229490720982149e-16 6.9348914810210982962e-16
124 2.0023257896294581748 4.6013757178299563577 -2.6430420996281443471e-16 4.181799144680063445e-16
125 2.0023258094263933771 4.5912236991483190707 -5.0866848497166354129e-16 5.2544151110287333781e-16
126 2.0023258237922840763 4.5888365556788555111 -2.2925532959757010791e-16 5.4369166507898308231e-16
127 2.0023258125073057911 4.584868332001977187 -6.0932154058434509436e-16 3.7763832947634847495e-16
128 2.0023257892976906724 4.5941477221274915621 -4.2843250108706332936e-16 3.9596928364501729016e-16
129 2.0023257265602492083 4.5992887685069581138 -6.5176018325586110909e-16 3.507099070435999382e-16
130 2.0023257274594481459 4.602725318010192801 -6.5586894124876073823e-16 4.5150722618606215387e-16
131 2.0023255984639840577 4.6058519752333841879 -2.6532051190432920425e-16 4.41579510356070127e-16
132 2.0023255917838271856 4.6073289225466549368 -5.2763010850958481471e-16 3.1441461501091080665e-16
133 2.0023254862725274883 4.6095820248375325434 -3.7895361363163587314e-16 3.8095796114917978387e-16
134 2.0023254428999628374 4.6102238645437809694 -4.420818949053289812e-16 7.3590787035886362314e-16
135 2.0023253942365366598 4.6118602004468529643 -4.107516395319792963e-16 3.8765522597701043749e-16
136 2.0023252568416629593 4.6121238950005869484 -4.9034237529800784866e-16 5.3696786373303970419e-16
137 2.0023252823182668969 4.6133631924025593207 -3.0280024787169204444e-16 3.5703282176903723532e-16
138 2.0023251230597218786 4.6134241135105451548 -2.9518595729351329983e-16 5.488700501048348551e-16
139 2.0023250306845152835 4.6143922628813971443 -4.282280272207749605e-16 4.5775263237896242125e-16
140 2.0023251359917870751 4.6143305952940423253 -4.2544760513233356472e-16 3.4742979503336338761e-16
141 2.0023242805284922063 4.615102564313293243 -4.396918209917489972e-16 4.0571540922019142339e-16
142 2.0023251287585055458 4.6149581351537705132 -4.7415938368248919509e-16 3.9710061943203293817e-16
143 2.0023210649721479015 4.615580370630114615 -6.2418548550915993352e-16 4.0673760596012306713e-16
144 2.0022042027778383932 4.6153734681572551324 -4.6886674411163144924e-16 2.6289310165562670798e-16
145 2.0021373015828620723 4.6158751160201765273 -2.8805785968116651354e-16 4.2453440030207644985e-16
146 2.0019935190826751992 4.6156154257904562499 -5.1130561903812387229e-16 4.8468298527020140041e-16
147 2.0019386360823343551 4.6160140916269423172 -6.5012560906189743558e-16 4.0088935458887854235e-16
148 2.0018651277996277749 4.6157047825467474311 -3.5860880437541360151e-16 4.5114379249358505983e-16
149 2.0018188761953954469 4.6160093602187570738 -3.4083861068071077344e-16 8.3313083901923648933e-16
150 2.0017905065992405156 4.615648914194498964 -4.5629537833032045967e-16 4.2800867483273710146e-16
151 2.0017642676030709126 4.6158605346199736985 -6.8248053333628436443e-16 2.9918476592404759635e-16
152 2.0017578322772697774 4.6154433444676001841 -4.9467514104762007262e-16 2.6974361712928089231e-16
153 2.0017567005171970074 4.6155547051829959315 -3.2765444046922693892e-16 5.1125291267657097605e-16
154 2.0017563753160123596 4.615070810070962537 -5.08119245114862387e-16 3.3040829892839762919e-16
155 2.0017556010849522075 4.6150634920698392349 -4.4085508898343412364e-16 4.6989864642464448655e-16
156 2.0017555774713655659 4.6144974615366205484 -6.6878087004160514916e-16 4.8636172594720458017e-16
157 2.001755128026887931 4.6143358767323530145 -4.8730741376559301562e-16 4.502047943135031879e-16
158 2.0017551359913818843 4.6136645364551656101 -3.0730078677360414838e-16 6.8201119519608034588e-16
159 2.0017548873976451773 4.6132830661565140673 -4.5135218798610094948e-16 6.4255089992621862261e-16
160 2.001754887474111122 4.6124712854857827793 -8.7618955187564452537e-16 4.2952589425000543306e-16
161 2.0017547498473504675 4.6117456693111451571 -4.4376620940742839835e-16 4.0206313721327952736e-16
162 2.0017547505363064708 4.6107384891925544679 -4.4928787054915599236e-16 3.2767141638471614241e-16
163 2.0017546641597663282 4.609415549203251139 -5.9012776125363999689e-16 4.4891187838836396296e-16
164 2.0017546739559617386 4.60812282603336687 -6.463242802122371467e-16 6.6893680577112254211e-16
165 2.0017546103425596371 4.6056196687659172184 -2.8581164677115893876e-16 3.6537674302823470018e-16
166 2.0017546233956160506 4.6038847847816635195 -3.9071091943907027157e-16 6.5556203748050870133e-16
167 2.0017545789855191174 4.5985653694902586253 -6.4814472324840757992e-16 4.6047405785028059496e-16
168 2.0017545829131888624 4.5961055111663906558 -5.5444837806281760803e-16 5.0480973440054189731e-16
169 2.0017545610735361095 4.5813708025530708312 -4.0032432300469286991e-16 3.6409701776963205046e-16
170 2.0017545505815843576 4.5778313293417047802 -5.8814001364132151769e-16 9.0505064392057210655e-16
171 2.0017545499961859612 4.4724519588462996467 -5.5164152328295218754e-16 4.1192212549541446778e-16
172 2.0017545413840127644 4.3282518412736550317 -5.1351411322756817318e-16 4.6430328285143780127e-16
173 2.0017545413803659038 4.2587184479664026426 -4.3232925751056117301e-16 2.6549782866389082446e-16
174 2.0017545342376652506 4.3423481786576783037 -3.9631483089961494779e-16 4.7562354475080789063e-16
175 2.0017545412504169633 4.4923548745812080796 -6.6887495545893290252e-16 5.2091073443275466035e-16
176 2.0017545340304812029 4.5817902674545321062 -5.7559848676185683726e-16 3.1086710784695274947e-16
177 2.0017545558184899335 4.582379865381774664 -4.848124653784826759e-16 2.4174070248449521631e-16
178 2.0017545615838145956 4.5981127144387956562 -3.6054151880303187444e-16 3.1452263636279823434e-16
179 2.0017545813076367267 4.5990100223894216924 -6.8921021833715464605e-16 4.5175002563009465071e-16
180 2.0017546025135057874 4.6052132377641230576 -4.268464750970767473e-16 3.7261818033983295611e-16
181 2.0017546203034832786 4.6060118211761436058 -2.6592913696848067972e-16 2.8126950030845868947e-16
182 2.0017546573781705987 4.6091420454756510949 -2.6981967345381968219e-16 4.1099586245896077184e-16
183 2.0017546787078579484 4.6098150828321440287 -4.9702549804757244863e-16 3.6932439602923919977e-16
184 2.0017547390743946067 4.6115908433803474153 -4.4084750640754598504e-16 4.8981159735483428343e-16
185 2.0017547666490886904 4.6121595176353995527 -3.4589350456237349233e-16 3.8266583966854073744e-16
186 2.0017548710099513087 4.6132226592037524071 -5.1613656136859820562e-16 4.5973092270005572645e-16
187 2.0017549064682063076 4.6137096637026502322 -3.7805418868496308745e-16 5.0695395546269281706e-16
188 2.0017550835091562078 4.6143493209488584128 -3.6706681370582773226e-16 4.6110542976383560165e-16
189 2.0017551507830622093 4.6147726054348439106 -4.9771899615183051339e-16 5.5599849891346779259e-16
190 2.0017554215801118822 4.6151351053014044723 -3.9487077065116568228e-16 2.9663966080771126543e-16
191 2.0017556130463947106 4.6155080696053421008 -4.0097801322208449278e-16 4.5654405915882684678e-16
192 2.0017559556420496669 4.6156728510632971663 -4.6124612420938196466e-16 5.1481435033709316585e-16
193 2.0017565529170124883 4.6160053669970917412 -4.3102710128125245446e-16 3.6790493713219712426e-16
194 2.0017566268452831046 4.6160167089773409543 -3.6741311086231777953e-16 2.2698047955840932706e-16
195 2.0017600272619877622 4.6163159775389104311 -5.3226015900545965305e-16 3.9620880865283205856e-16
196 2.0017291227037699031 4.616197553002230336 -4.4174470000968237739e-16 3.6102449373824437181e-16
197 2.0016577800314867552 4.6164686646861650132 -4.715248593274118977e-16 3.5215746981933857518e-16
198 2.0015929056004133635 4.6162304684390100817 -5.8603338750953166883e-16 3.5400322755674157591e-16
199 2.0015212414371319483 4.6164766733418645117 -4.0332383883642948747e-16 4.9769091831765653689e-16
200 2.0014834869414630525 4.6161180510702610746 -3.7093529134389069667e-16 4.4767447734203821382e-16
201 2.0014368369046517948 4.6163407225792862931 -4.0109855274009209822e-16 2.9350204090564630338e-16
202 2.0014124160819450893 4.6158509516815966478 -3.7728568285497799189e-16 3.1114744351011095265e-16
203 2.0013907734129214866 4.6160491396877310066 -4.3397311784882705459e-16 3.9727750184368357774e-16
204 2.0013776570994026294 4.615405891061131527 -5.5168685298646919327e-16 2.9548793149680304553e-16
205 2.0013728965425152673 4.6155751790583172678 -4.1756806687666755533e-16 6.1057136540928157783e-16
206 2.0013719891110630655 4.6147403211351276653 -3.7205594628698191288e-16 2.9485163872581889833e-16
207 2.0013717216375193075 4.61487028692074297 -3.2644690510674000448e-16 7.258523457999353517e-16
208 2.0013711739813873081 4.6137812691860462522 -5.3141873124229834784e-16 4.3008266114564962077e-16
209 2.0013711687061825906 4.6138497792445356538 -4.2300569554589330512e-16 6.1832408581072784485e-16
210 2.001370866873464216 4.6124022468837964084 -3.1799957492463614172e-16 3.8135239424332919205e-16
211 2.0013708856849810047 4.6123616960476283566 -1.0143559782561112598e-15 6.6238985140444647023e-16
212 2.0013707240622706784 4.610372251168594282 -5.132912494080901278e-16 5.9879401297621499631e-16
213 2.0013707299458363131 4.6101123417069755916 -3.7350430124783158851e-16 2.6253162397319355159e-16
214 2.0013706447937797961 4.6072296506949621531 -6.5281064143845397384e-16 4.8501078491457585303e-16
215 2.0013706446977757025 4.6064582053469074197 -5.8037307159027183928e-16 4.6678349580334234617e-16
216 2.0013705926972868987 4.6019125972569909777 -2.9569115258366764092e-16 3.5038097620700984917e-16
217 2.0013705992128096867 4.5996604417052298075 -2.7993958855723552117e-16 6.0979299188865877981e-16
218 2.0013705562498240731 4.5913410611103264714 -5.5489845164382577777e-16 3.8918672027305223952e-16
219 2.001370567289777469 4.5826782087491215734 -4.3134313196799605321e-16 7.8333032052011866659e-16
220 2.0013705313176948231 4.5611625197141698607 -6.8538377546026268684e-16 6.8546437647559035637e-16
221 2.0013705355768522942 4.4232067623515280985 -3.110993692375096613e-16 3.88622641789259901e-16
222 2.0013705109856561037 4.2992603368931749941 -9.245733858896881124e-16 9.4350809664637693683e-16
223 2.0013705085549933216 4.211385724696306454 -4.4579036216923212709e-16 5.5971789302374392066e-16
224 2.0013704941997749742 4.0991085940236597907 -6.4797524202908967844e-16 4.6782646013547177116e-16
225 2.0013704881934621937 4.0512488515920237475 -4.9595979632125239598e-16 3.8782054235894334742e-16
226 2.0013704904820515118 4.0381335595747804845 -3.7843732574612986863e-16 6.8374674507925804997e-16
227 2.001370490313600925 4.0667785260196538388 -3.3284656462154255302e-16 4.8408945387124648438e-16
228 2.0013704927695274982 4.1397765712364407165 -3.018090742227310472e-16 3.5761704315056463609e-16
229 2.0013705097626330875 4.259894897961134852 -4.9173646175231913797e-16 4.9548483204912431575e-16
230 2.0013705069050153895 4.3444919666173129613 -6.395980819140985399e-16 4.2938251592529738508e-16
231 2.0013705309545106736 4.4951984299115830268 -5.9124430699282597324e-16 6.1819844729336197874e-16
232 2.0013705130770662599 4.5821551651495493473 -6.0415147016103017389e-16 2.8998651638602800994e-16
233 2.0013705342612313487 4.5825422315776958015 -7.0120440874504144712e-16 3.5946595213450495617e-16
234 2.0013705261311467432 4.5983113847572196775 -5.7818942497869438439e-16 4.7463366306715688704e-16
235 2.001370543921281886 4.5990486626051216845 -2.5795932421941925308e-16 5.0037296303707942324e-16
236 2.0013705437711792889 4.6053406558181997354 -5.1749003691175534378e-16 3.0758863301572919058e-16
237 2.0013705822320702055 4.6060297748891549929 -5.3383119693839879887e-16 4.4053804528570334411e-16
238 2.0013705676409982992 4.6092343869521839039 -3.650160552572046305e-16 4.0841880449720447077e-16
239 2.0013706570025369125 4.6098288724243126069 -3.8239855140055851745e-16 5.5023909146466306368e-16
240 2.0013706148426493314 4.6116634285905515611 -4.2774470001323744739e-16 2.8862223735819548345e-16
241 2.0013707838455525589 4.6121729555000383627 -4.680211654224677009e-16 5.6864484221019204976e-16
242 2.0013707268425151575 4.6132829668404067291 -5.8409464054542626318e-16 6.4405549904643172095e-16
243 2.001371009401783585 4.6137237151699030946 -4.2215510273024521194e-16 4.2595957424392395768e-16
244 2.001370999994742661 4.6144014004979840848 -4.430582470805425063e-16 4.7487559506540804868e-16
245 2.001371487243870817 4.6147874562066828474 -4.7347791682205987472e-16 2.9289156316075490071e-16
246 2.0013718104208244597 4.6151813128343022186 -2.9884620650980473969e-16 6.0284904245451280017e-16
247 2.0013727992533900668 4.6155236758227555782 -3.2445223456013817861e-16 5.8051215783954175358e-16
248 2.0013791592203205028 4.6157146192705562626 -5.9222379749715831961e-16 3.3504654659948956139e-16
249 2.0013895888534887213 4.6160216232319468688 -5.1389219735857149152e-16 2.267382100131688389e-16
250 2.001414751353137067 4.6160549194323143851 -3.8803779942374503888e-16 3.874035234070017998e-16
251 2.0014402994690430049 4.6163327721701623574 -3.8206979100140744837e-16 3.5961433203361468352e-16
252 2.001476746275007379 4.6162327245434866541 -4.9552208655842383994e-16 3.8710543399470048843e-16
253 2.0014999550656971117 4.6164858992212955968 -4.2038983402807982325e-16 4.7297619214914291189e-16
254 2.0014281225664549702 4.616262849555458736 -3.671644986937265708e-16 4.9157078140662732283e-16
255 2.0013491782428554089 4.6164942707456342319 -5.2344521891806556236e-16 5.3165693062510906548e-16
256 2.0013035490897927993 4.6161476526865179437 -4.8610598219524001536e-16 3.7538254338048451939e-16
257 2.0012458572118649869 4.6163586345113936105 -5.8292341695409660787e-16 4.8269690455347356706e-16
258 2.0012119060448414487 4.61587753096046427 -4.3583411950535144681e-16 3.785908691556451419e-16
259 2.0011762114449127559 4.6160673586999161344 -2.9167351780650186857e-16 3.6937185026035840135e-16
260 2.0011506770425735446 4.6154288774828238218 -4.0815903890888963752e-16 3.5634810330028785981e-16
261 2.0011312497194237991 4.615593763157275653 -3.7583658106310143114e-16 3.4830511873601766229e-16
262 2.0011154271519924208 4.6147586502457222934 -4.0685916925139522894e-16 3.1583393990015020418e-16
263 2.0011069798831839783 4.6148894108134896896 -5.5598432264239020658e-16 2.5693670654436659379e-16
264 2.0011019196499533201 4.6137930368415318583 -5.5548787295936669001e-16 4.2210098052239987962e-16
265 2.001100878705459607 4.6138698454604281096 -4.744334425241716561e-16 5.591312470911596698e-16
266 2.0011008175088007555 4.6124039643992826853 -3.3771543961862157233e-16 3.3337782545257689968e-16
267 2.0011004065090376436 4.6123835917015547636 -2.3630259130309092152e-16 3.2799490737120798988e-16
268 2.0011004281538755656 4.6103570936034996564 -3.6389214780548593232e-16 4.5954623312494244333e-16
269 2.0011002300347047189 4.6101380889313610112 -5.0455145637661623644e-16 4.1687061133078211368e-16
270 2.001100244063766187 4.6071827447398625566 -7.7178846327061755498e-16 2.9724576925747419161e-16
271 2.001100138915858917 4.6064928293890092803 -6.7999166961523805e-16 2.3227587734726913554e-16
272 2.0011001409447124466 4.601795526633446265 -4.1252137615378036205e-16 6.1816118607500940517e-16
273 2.0011000853137139721 4.5997182812540966523 -2.3422885483705453904e-16 4.8849729961515543295e-16
274 2.0011000788254769134 4.5910210156882618193 -6.1402327999806597678e-16 3.6111391470740843327e-16
275 2.0011000496792399339 4.5828061278731508921 -4.444586658697733545e-16 4.5383348264205647903e-16
276 2.0011000424396425679 4.5597509908464601835 -3.9452862766626966645e-16 3.434364971649259613e-16
277 2.0011000237609990471 4.4202874840408217239 -3.5849404754505854617e-16 3.8859657287594065687e-16
278 2.0011000187005456574 4.2976898646266992188 -6.6869030168792939684e-16 2.3648306956148971418e-16
279 2.0011000006565731191 4.2087896201040706501 -4.6787044198415563725e-16 5.3806845636401600586e-16
280 2.0010999987906163966 4.0975457354391586762 -5.3223365002587533394e-16 3.8708237386091609863e-16
281 2.001099984458888148 4.0504993072475912186 -3.6661655521906140621e-16 4.724742641505858211e-16
282 2.0010999849149633256 4.030851582189374227 -3.8574501131843246825e-16 5.8666928125722237347e-16
283 2.001099972490238077 4.0210468946562798465 -3.7345931206520775892e-16 5.5761783002346690909e-16
284 2.0010999792449699619 4.0154457937003282808 -4.1599852850329082581e-16 3.1096240587741743365e-16
285 2.0010999682731727134 4.012399246849844836 -4.9449784756945589124e-16 3.7148166877104667964e-16
286 2.0010999797062027916 4.0162197859806365585 -3.6321851646646775568e-16 2.8933465865016852753e-16
287 2.0010999715056310144 4.0224102341386833714 -3.2677769760345129538e-16 2.023508757553839802e-16
288 2.0010999861085827511 4.0335001094885667428 -3.9402682278167841088e-16 4.4353191946737288096e-16
289 2.0010999829889315471 4.0564622857464991412 -3.2332009176662937442e-16 5.0992009371554747988e-16
290 2.001099999889428549 4.1132269917522661373 -3.0874689220059844888e-16 3.8673008122762352656e-16
291 2.0010999981972008577 4.2333257908272923231 -2.8856346981945351857e-16 7.2854622927326944832e-16
292 2.0011000190523366982 4.3150371163354979132 -3.9987711286937039146e-16 3.8332134218511048075e-16
293 2.0011000198701740516 4.4519588791832651609 -4.9588231156455588142e-16 3.0200187463902107994e-16
294 2.0011000419781526105 4.5720327483831715298 -2.4358146413850806817e-16 7.8932794811986966662e-16
295 2.0011000423525797665 4.5809985588991191108 -3.9206055185927840045e-16 3.8651957776202601143e-16
296 2.0011000796945968006 4.593785346030596628 -3.3487989069415184316e-16 2.5604776569386878702e-16
297 2.0011000740478506188 4.5983478054442379346 -3.4531504131353595564e-16 2.2333632592305000802e-16
298 2.0011001398439485222 4.60252054799722643 -4.634866628831863972e-16 3.6774212498004309895e-16
299 2.0011001266063210835 4.6053421583061213695 -6.2692968554127905046e-16 5.1960189011367905447e-16
300 2.0011002341971115825 4.60715100883251516 -4.4968925166740430386e-16 2.8662735853584074903e-16
301 2.0011002191985673981 4.60908957969095745 -5.8308620972171251947e-16 4.0030181515653947256e-16
302 2.0011003916811924697 4.6099648979999860998 -4.4070425710052346535e-16 2.8955651151818436064e-16
303 2.0011004019584230917 4.6113874765806084355 -2.7991704303164088614e-16 5.2230317938302976228e-16
304 2.0011006954322243523 4.6118119801281212133 -2.6998159631049937921e-16 3.4612559376492980431e-16
305 2.0011009030158652955 4.6129031795013633044 -3.918037255643431007e-16 4.7925807508416778358e-16
306 2.0011014262679829301 4.6130777900088348886 -2.5837854750126157101e-16 3.4231413193106373361e-16
307 2.0011057297491601226 4.6139407422398255321 -5.1341255322262846738e-16 2.6765278019648184497e-16
308 2.001113484728709313 4.6139605654750157626 -4.3133477236598375219e-16 3.7600982182418779544e-16
309 2.0011274458195744685 4.6146570777763171733 -5.401568576494532079e-16 3.7769109122312605366e-16
310 2.0011474571199618921 4.6145707213531830249 -4.8923732382510924808e-16 4.8273018976956606e-16
311 2.0011699191558025568 4.6151394597004760101 -3.3882032587611512574e-16 6.0969113919219129167e-16
312 2.0012071247005391861 4.6149724608909181711 -3.3218141836545165418e-16 4.5104196069347280178e-16
313 2.001239270829630712 4.6154379219900523168 -3.7929024835410862711e-16 5.7445477186184576904e-16
314 2.0012949208444559268 4.615203031021476221 -8.5578360802337471329e-16 3.1847212436927344977e-16
315 2.0013452682705157315 4.6155801484359093578 -4.2735639338921709272e-16 4.5496624765594878872e-16
316 2.0013243253883925554 4.61528210071114664 -6.9978394837805837688e-16 4.5550185609875353982e-16
317 2.0012609202402522612 4.6155784908923651599 -6.3753786862454142633e-16 4.0761952011393773717e-16
318 2.0011995335259831208 4.6152161515178349305 -5.1802348996554062998e-16 3.1735137757599404562e-16
319 2.0011381496906728295 4.6154328102520549848 -4.9767716109241985874e-16 5.6879392037318899544e-16
320 2.0010971792021079452 4.6149998365477173934 -4.9718966235084953688e-16 3.5258242071413059335e-16
321 2.0010504566281994698 4.6151304505210868356 -5.3385092122373538794e-16 5.1545436075982444196e-16
322 2.0010200260576094244 4.614614863553530455 -4.9671417189636657122e-16 5.4477265039318246609e-16
323 2.0009883259143825818 4.6146433374652531256 -3.9754796276745697229e-16 4.932596465154453018e-16
324 2.000965087716410018 4.6140259467736202126 -5.4110298358789313862e-16 3.9956934365861896633e-16
325 2.0009453415027418366 4.6139208702397578321 -5.115339018812451544e-16 2.5887422670955746021e-16
326 2.0009291352416544996 4.6131720431421028294 -7.6514622686608321692e-16 4.602224366935321797e-16
327 2.0009180810468736311 4.6128748762303422026 -6.456863995794184174e-16 6.2333640698595303383e-16
328 2.000909458798813656 4.6119483804221186318 -5.5299215499565115295e-16 4.9004504817313328448e-16
329 2.0009049500574653813 4.6113469235026434134 -3.9693383374042818162e-16 4.7304953943002280103e-16
330 2.0009031358135445089 4.610167883220063878 -4.0057989710454187047e-16 3.6360460427466240602e-16
331 2.0009030318876468435 4.6090303016751263954 -4.5734745151279411288e-16 5.5077864720577381022e-16
332 2.0009027711667011218 4.607469966650041826 -3.0907287462257979076e-16 4.4283279778409329479e-16
333 2.0009026445995488075 4.6052533179485823922 -4.7668983572967384632e-16 8.0870752531785565795e-16
334 2.0009025884395579276 4.6030707190186817002 -2.9984073209562430229e-16 5.3316298906646843784e-16
335 2.0009024946536135836 4.5982167495863981443 -5.792182169573849829e-16 3.6379231047829501379e-16
336 2.0009024825295660399 4.5949066422711792868 -4.4377231325425391117e-16 4.7602089919115983937e-16
337 2.000902420907711754 4.5809151904423082158 -3.3464735960418278578e-16 4.0635036484161523841e-16
338 2.0009024164252600109 4.5753097397372863853 -5.1233030760009770084e-16 2.3008097798547397926e-16
339 2.0009023752242347527 4.4633462140094666282 -4.4276872703574655818e-16 3.8827319507001733449e-16
340 2.0009023728745192194 4.322079559890580569 -6.2829846524937683327e-16 4.9340213597653071817e-16
341 2.0009023409230515256 4.2410786500349137995 -3.7973312607106128921e-16 6.1997081533148235553e-16
342 2.0009023394961595876 4.119499994623347483 -5.7624269451563011504e-16 4.365585561054077634e-16
343 2.000902316116789148 4.058844751473341006 -5.773824994993494956e-16 3.3004009920651229384e-16
344 2.0009023176563718316 4.034535737379247422 -5.1939917980714724235e-16 3.458756888300506946e-16
345 2.0009023012057154389 4.0229288829909641834 -6.1489438888139752124e-16 2.7982778969252623399e-16
346 2.0009023024823799908 4.0165008926107965692 -5.636561859622742939e-16 4.2435873174509126224e-16
347 2.0009022925344259747 4.0125544098582288655 -3.5198086962973427322e-16 3.0898430198428475495e-16
348 2.00090229316145507 4.0099486779555872928 -3.190273624563282765e-16 2.388584756488379748e-16
349 2.0009022886328540203 4.0081340358213068953 -3.3891543023539015538e-16 4.3008013943149048104e-16
350 2.0009022886706824274 4.0068198319075873925 -7.0387258821140754831e-16 3.5798523044072815302e-16
351 2.0009022890396694905 4.0072051394363112919 -2.8471676788391829931e-16 6.003584254902284832e-16
352 2.0009022885121261481 4.0086834181083652595 -4.6876741402306685979e-16 2.824641573734158781e-16
353 2.0009022938027629657 4.0107536596490458436 -5.1085560365068279172e-16 3.872773509218425779e-16
354 2.0009022926597848091 4.0137843309312124518 -4.6864501699752473454e-16 3.220403011170156507e-16
355 2.0009023034332380497 4.018493769075236699 -3.3010752166174082819e-16 4.0784329430875884217e-16
356 2.0009023016340807821 4.0264427920473986333 -5.1962950069912217535e-16 3.3979469317588521478e-16
357 2.0009023189083667837 4.0415505897716341721 -4.2745209324029521786e-16 4.5846827884925146891e-16
358 2.0009023172454645234 4.0754777691488772717 -3.5660723284328691966e-16 2.818673710572370187e-16
359 2.000902340359490772 4.1620049672797643225 -4.5940276402159497429e-16 2.4323830362433829759e-16
360 2.0009023402266534752 4.2735465003015837837 -3.4166389251171611625e-16 1.7610888692566411765e-16
361 2.0009023715006577504 4.368728762481389083 -4.7984665658557226633e-16 5.6956294084028397959e-16
362 2.0009023708666018315 4.522904955741593902 -4.824243281070492408e-16 4.0615804894755550471e-16
363 2.0009024124386800558 4.5849705053734171045 -3.4803446973353101105e-16 4.8139698286398312731e-16
364 2.0009024111633957332 4.5855400535693071618 -2.7615139613448665952e-16 3.7435540456745757866e-16
365 2.0009024742838081856 4.6004858375872759169 -3.2973049827790874964e-16 6.3248128177361179066e-16
366 2.0009024838107158928 4.6004110778800777481 -2.834865769407357522e-16 8.1229689843793971307e-16
367 2.0009025706216769791 4.6070682218573448807 -2.7201082535405379616e-16 4.0744674817704035325e-16
368 2.0009026314397058144 4.6070399936414929698 -5.9226223449200362836e-16 3.0978972580394353246e-16
369 2.000902737707981327 4.6107111032872039047 -3.0005550468692128119e-16 4.6073455309202745118e-16
370 2.0009030143850927708 4.610731614488258856 -2.5145433230881249197e-16 3.3562833682538952024e-16
371 2.0009030909198068926 4.6129890617204907244 -3.4202159686643360414e-16 6.0518614058612649601e-16
372 2.0009050290031771269 4.6130372621641715369 -3.4097688388080456663e-16 4.4409560711317254958e-16
373 2.0009095275356476584 4.6145106210389137402 -6.2238162184786295999e-16 6.1094312461878528778e-16
374 2.0009178142012205015 4.6145733370504418147 -5.7805202487876393726e-16 3.9388074989151956161e-16
375 2.0009298944805165021 4.6155613485881081814 -5.5567837363505614825e-16 5.9235732923129815209e-16
376 2.0009446729513373775 4.6156314195660828048 -3.4198418334362582206e-16 3.8661895197273676042e-16
377 2.0009665714457334218 4.6162917695491616499 -5.6889542039476963423e-16 2.8913942942115004408e-16
378 2.0009887119323770399 4.6163654582204483035 -3.6571306211475693832e-16 4.5409260496727703718e-16
379 2.0010214843051938871 4.6167869058964976503 -3.3776533553535208726e-16 5.1545852238134956899e-16
380 2.0010545641129948713 4.6168623869116807157 -6.5735099014148470955e-16 3.2220590487901527374e-16
381 2.0010966143912134463 4.6170960823386684169 -3.0576760435894675367e-16 1.1101613039003967655e-15
382 2.0011484459309047956 4.6171726368475365376 -6.5096372770519667488e-16 3.8170485424604883599e-16
383 2.0011951690171652096 4.617246893425185128 -3.1762937035328619054e-16 4.7943727632520068414e-16
384 2.0012784122462607961 4.6173244850172059373 -2.9771149017424846585e-16 5.8905580280908074881e-16
385 2.0012333788201108753 4.6172518957679251628 -4.3450522262445090003e-16 4.20993499200689177e-16
386 2.0011441382331183192 4.6173309475494095366 -4.2579718861523687007e-16 4.3301332558036925977e-16
387 2.0010942920698386871 4.6171113798719964905 -3.654436725220905286e-16 4.4209022567639400193e-16
388 2.0010318960935098431 4.6171926541690515577 -3.5983729180101745919e-16 3.6883784066161309384e-16
389 2.000988444889935991 4.6168134449067386171 -4.8410182223285874739e-16 4.4162120790780987366e-16
390 2.0009462731935774293 4.6168979592990400107 -4.1838635379330865727e-16 4.0275516912276857188e-16
391 2.0009093965540620808 4.616331418074029358 -5.1851246618385861623e-16 5.8901674492338814484e-16
392 2.0008800991286603832 4.6164203204057292496 -4.5394900539684623286e-16 3.6880066588274938083e-16
393 2.0008512321024092273 4.6156175176789258074 -6.6194775351589443131e-16 4.1055503976555883695e-16
394 2.0008300506312850509 4.6157117574696471252 -3.3479566488049189049e-16 5.2635409865671011325e-16
395 2.0008094434388334903 4.6145897023387192348 -3.4375784693561866719e-16 7.352540554373696561e-16
396 2.0007940297588224787 4.6146890429386617782 -3.7355051390096596987e-16 3.9127585382997725955e-16
397 2.0007807157400603337 4.6131040471497399835 -5.1213791361659637955e-16 4.5068791924959824571e-16
398 2.0007703607498807941 4.6132039459909055523 -4.412329776444023488e-16 6.9609080456249211122e-16
399 2.0007629403154116865 4.610892044663877698 -4.1604964926590881001e-16 5.2250474024955096527e-16
400 2.0007576266843702939 4.610972937426956797 -4.1994679321928819126e-16 3.9512269232849577945e-16
401 2.0007548932725094382 4.6073990985446462432 -4.5045332703965217763e-16 3.3515058680623896456e-16
402 2.0007539920455266191 4.607383583975727781 -5.687513018006030059e-16 2.9676585509557927003e-16
403 2.0007539902622335504 4.6012808040142898491 -3.0740852899860258056e-16 2.9363236928190885966e-16
404 2.000753762489648313 4.6008113138713575552 -4.8408262709891056474e-16 3.7737014426442174826e-16
405 2.0007537286083585393 4.5882500469530329568 -4.961698344387028497e-16 4.7073087853550299927e-16
406 2.0007536537399870369 4.5847708768749111385 -3.5443933954555529471e-16 3.8357316727140310832e-16
407 2.000753617092485559 4.5425020300083449598 -4.5753656607119645458e-16 3.0387258995811885441e-16
408 2.0007535872275936661 4.3915351269669704593 -6.800225340381657525e-16 4.196180224727886019e-16
409 2.0007535570761167953 4.2840551249473053375 -6.5321828173616995291e-16 3.1998841381544083269e-16
410 2.0007535422842530615 4.1831710970684836681 -3.7480575259854454958e-16 3.2258310193337767064e-16
411 2.000753519021483573 4.0846160151738066801 -3.0076157524285910541e-16 4.6066587284215441822e-16
412 2.0007535115318266783 4.0452367830542765859 -3.5422977859976245595e-16 3.2929893204180497515e-16
413 2.0007534955321037984 4.0282185040323872371 -5.3263520679539278058e-16 3.0588030878538336604e-16
414 2.0007534908149242625 4.0194720157625862811 -5.1767185028368675756e-16 5.5134049978394244653e-16
415 2.0007534797736483689 4.0143725187227374818 -3.7103660102192831259e-16 5.8676599531048273323e-16
416 2.0007534769095585148 4.0111267978987177329 -3.6941079843410432423e-16 5.0097872885295614939e-16
417 2.000753469413469432 4.0089264907527288884 -4.25493913426634154e-16 2.3783882777335696775e-16
418 2.0007534678265956885 4.0073627390042672047 -5.3046316856569711206e-16 3.8923093079707457056e-16
419 2.000753463138873478 4.0062099182140595843 -5.3919035254542125689e-16 3.0186387092328756789e-16
420 2.0007534625052882937 4.0053348821711463046 -3.1709027067591090542e-16 3.3409800060541441844e-16
421 2.000753460242865156 4.0046548621634610043 -3.0883052114319364302e-16 3.0584113869619598647e-16
422 2.000753460387775462 4.0041227989788295005 -3.0643390089292099629e-16 7.3562344597951772057e-16
423 2.0007534604247658727 4.0046094601786013101 -2.6347700968854695629e-16 5.9592618009593386741e-16
424 2.0007534612548725228 4.0052880818279241737 -4.183719435993126057e-16 3.6025357288043249471e-16
425 2.0007534637098962627 4.0061622300973196431 -2.8344759985319854614e-16 3.0721741617805491156e-16
426 2.0007534651699674377 4.0073149575034836545 -2.7769998571825855324e-16 5.6719300307873064973e-16
427 2.0007534704561651395 4.0088799542350495031 -5.2181301858227371728e-16 4.8804638964502025605e-16
428 2.0007534724951705485 4.0110838817092187014 -6.7514072977164432007e-16 3.5932933301614329405e-16
429 2.0007534814501224396 4.0143377322135558316 -2.3226786292971034933e-16 3.4987860246573147085e-16
430 2.0007534839984995045 4.019454750076790539 -5.3899534533181770665e-16 4.5285173334714513994e-16
431 2.0007534981240033822 4.0282409421920624126 -3.0327103621125500427e-16 3.2828464198656508161e-16
432 2.0007535012107111605 4.0453605207302336666 -3.3552930000456994907e-16 5.0896483219270062347e-16
433 2.0007535227774395636 4.0850380271966573176 -3.5480099080344973979e-16 4.909482351907528211e-16
434 2.0007535277712484856 4.1841889022846787682 -4.0937822065504616668e-16 8.0708862020580919321e-16
435 2.0007535607918880416 4.2845452073843279805 -5.5191161560021086827e-16 4.2827962929210964877e-16
436 2.0007535651664385412 4.3927039824084896935 -5.9997812943130068775e-16 4.0016929490777933117e-16
437 2.0007536201883153737 4.5433523147691419197 -4.4584417956761646288e-16 5.5305979462995047222e-16
438 2.0007536221976591762 4.5846752714461054268 -5.7605284977177558064e-16 5.0947816689957842318e-16
439 2.0007537223379712188 4.5883484735457056303 -2.6456458008561878899e-16 7.778834139499372966e-16
440 2.0007537219610975754 4.6007534954208431088 -4.4539237417827888853e-16 3.5732223448754589615e-16
441 2.0007539207219497968 4.6012782062766550695 -3.4296378278133345152e-16 4.2997221638561062164e-16
442 2.0007539708808002032 4.6073311769444540431 -8.5282195379955886969e-16 7.5847522671666765113e-16
443 2.0007543550636404106 4.6073654705468296555 -6.0534409209428917571e-16 5.8703335901963313299e-16
444 2.0007563333570952402 4.610920716355133564 -2.5385095867361923122e-16 4.4582905149464101339e-16
445 2.0007607508076610259 4.6108452867151212828 -5.2714227223762881484e-16 3.4452217962136385148e-16
446 2.00076725836692626 4.6131509004034825239 -5.6129425305517517884e-16 5.1111020713610102683e-16
447 2.0007766950555812002 4.6130506008184104516 -2.6902478265258567492e-16 3.7254704310596404587e-16
448 2.000789020808232177 4.6146350550907078159 -4.5698999621006111359e-16 3.5714205596797596066e-16
449 2.0008035159386756696 4.6145323815306609205 -3.296126073033260008e-16 3.8981334021924910513e-16
450 2.0008231095128596877 4.6156569160130365148 -3.086684854029446985e-16 3.4288981843735841876e-16
451 2.0008433469164064178 4.6155577128376270579 -2.9986554135502148973e-16 5.8767673538182259403e-16
452 2.0008712080653250354 4.6163647500783744348 -4.1063694227351060019e-16 5.7484378287708073698e-16
453 2.0008995303247107955 4.6162698723749748808 -5.4784115128508294551e-16 8.0135054841766827858e-16
454 2.0009353606112671997 4.6168417761016717904 -4.3972654860499077821e-16 3.1608999528371409642e-16
455 2.0009765916019994769 4.6167505716626200396 -2.4709358484909316023e-16 4.8767401439478143786e-16
456 2.0010187569375683658 4.6171359546730652568 -4.4341174125517401339e-16 4.997633606210443022e-16
457 2.0010804462914042468 4.6170474063119550934 -4.2574617333141049921e-16 4.2647600770627870449e-16
458 2.0011284796810753228 4.6172738073201102793 -3.4116534606584838895e-16 3.0481846982479135068e-16
459 2.0012113663583441792 4.6171869321762279981 -3.3265850133235386339e-16 2.8482105757265701645e-16
460 2.0011642137470637692 4.6172669583116547898 -3.9540786573043386281e-16 5.1206847357881307653e-16
461 2.0010765726971868617 4.617180966168053402 -5.1489602088699645574e-16 2.9059075156956377348e-16
462 2.001023373812662598 4.6171147543414514658 -3.7074163947781439737e-16 4.8944394592577442172e-16
463 2.000965096630362261 4.6170291466848762951 -3.5977881087040567198e-16 3.3074677450678329589e-16
464 2.0009168719169325712 4.6168041487471507267 -4.713607779260372391e-16 4.1440056502743434947e-16
465 2.0008765309013174516 4.6167188447093616688 -4.6674235016105664114e-16 2.6991557590398782177e-16
466 2.000836283651032943 4.6163068178032844457 -4.170172187779482846e-16 3.8749288047237916489e-16
467 2.0008063434168028571 4.6162223784916562863 -7.7701104194737915948e-16 4.0260641500650095647e-16
468 2.0007751784862386479 4.6155722480144696362 -6.713869655046141103e-16 3.4815922349984896571e-16
469 2.0007516820847039973 4.6154903039122476827 -4.293633381600121909e-16 3.5376701858702086567e-16
470 2.0007287770982635777 4.6145133434196026201 -3.2589285265507519918e-16 3.2930551221398348057e-16
471 2.0007101125232549244 4.6144374201013871328 -3.3946628358255579319e-16 4.103776332910010423e-16
472 2.0006938026103280315 4.6129758016862698611 -3.1026781582021113475e-16 3.1518219406829406028e-16
473 2.0006796037239844566 4.6129129173740235359 -3.2153450935745587851e-16 6.6417001588522203972e-16
474 2.0006683207701221328 4.6106671749232024382 -4.8521419716303824507e-16 4.6779364906952494279e-16
475 2.00065853603008037 4.6106307657730161154 -8.0079473673971624871e-16 5.8635980348848774101e-16
476 2.0006512423060520689 4.6069685840103833385 -6.3060969465984235073e-16 5.0543272849686539483e-16
477 2.0006456039815350145 4.6069817665786505501 -4.2637224793022985162e-16 4.8978571337374766341e-16
478 2.0006418156856953239 4.6003198008244243766 -5.3794186518129402145e-16 3.6729112391900037685e-16
479 2.0006397365085599738 4.6003913985381172935 -4.0037169161189021324e-16 4.5574788579221528613e-16
480 2.0006390196159600237 4.5853681419366321137 -2.1914959993427917891e-16 4.32283854521742369e-16
481 2.0006390163247500524 4.5848838047365427784 -4.3154016807532284189e-16 4.2303757074121401309e-16
482 2.0006388521236306843 4.5218059678348430097 -4.1347847070417042054e-16 2.714171398098318189e-16
483 2.0006388205620053711 4.3676114853468330779 -5.5083130043708641165e-16 5.9571408206028856184e-16
484 2.0006387691369882376 4.2729494788379298598 -3.6640045043287027947e-16 7.1286780009684991956e-16
485 2.0006387372106280154 4.1609049150186478983 -2.9485348872004523742e-16 4.2800644451445924479e-16
486 2.0006387182249540935 4.0749603962963973913 -2.7928868736886290673e-16 5.1829035140853069316e-16
487 2.0006386932040043369 4.0412700351419532652 -2.9889006429392210836e-16 3.3324335556282376304e-16
488 2.0006386852653177399 4.026241914754672635 -3.4747929894610836185e-16 5.3283924324818194652e-16
489 2.0006386663912141266 4.0183234996146675044 -4.3008361810041654873e-16 3.4801143801139953926e-16
490 2.0006386633272605913 4.013626508019062733 -4.2622076668102217166e-16 5.6507253053474156014e-16
491 2.000638649054752527 4.0106000908745871314 -4.2398066161023009602e-16 3.8582816416139587794e-16
492 2.0006386483384930308 4.0085295967090308622 -3.7723594818494261378e-16 3.8926647988983459383e-16
493 2.000638637534533526 4.0070475263536664556 -3.4485404155480918282e-16 2.4161867271842351704e-16
494 2.0006386381279965825 4.0059484931296047705 -5.8817833296635250762e-16 7.3633212153493566019e-16
495 2.000638629973544802 4.0051100672227306632 -4.4207931238932799434e-16 4.120221322738344642e-16
496 2.0006386314435311569 4.0044554350612875382 -5.1523990385244175731e-16 3.4560666634740412491e-16
497 2.0006386253788650542 4.003934352356616877 -2.7708604647496070088e-16 2.820052071203473243e-16
498 2.0006386275575707145 4.0035127955494953511 -4.1295707422572128046e-16 4.0089275973478948804e-16
499 2.0006386232284190108 4.0031670427377470389 -2.3416771654833204213e-16 6.0239406648630276177e-16
500 2.000638626076634452 4.0028805473312010221 -3.9165908477544335284e-16 7.3284262593014225773e-16
501 2.0006386233005608588 4.0031524708092618425 -4.1208784043143133353e-16 3.9266771278025170771e-16
502 2.0006386268489642077 4.0035008101880116271 -3.788543402910283308e-16 3.1276583223033737869e-16
503 2.0006386256098762644 4.0039262470742889022 -4.7851647238154038416e-16 4.7600068763027891751e-16
504 2.0006386299304312892 4.0044530530617921116 -3.6684847294136704947e-16 4.7467114853245688352e-16
505 2.0006386304103696006 4.005116105160987594 -4.94892802782153684e-16 5.2828216037638593293e-16
506 2.0006386355952470169 4.005967018931157142 -6.3338691738247036126e-16 2.8991247300132737665e-16
507 2.0006386382666812018 4.0070849051920642836 -5.7924430233508994478e-16 3.9624630726076758055e-16
508 2.0006386443961825528 4.0085962429212997904 -2.9058907209100788892e-16 3.3663773554428453794e-16
509 2.0006386502315316456 4.0107140204251123805 -2.5586782259652152177e-16 5.0038421146417049848e-16
510 2.0006386573017422847 4.0138211909635499453 -3.8653029970171333768e-16 3.054533929010810865e-16
511 2.0006386682410428612 4.0186671949157268813 -4.3713765389906347015e-16 3.0236418901628737612e-16
512 2.0006386759909648987 4.0268921070863878953 -4.0690443719070218863e-16 3.8294634979746233606e-16
513 2.0006386960236226535 4.0426527359743111845 -5.1742040191413051936e-16 3.0177480437442412524e-16
514 2.000638703652235062 4.0784252496756119299 -5.0934632545720746552e-16 3.1495003525446144581e-16
515 2.0006387408689785268 4.1692802848923999903 -4.2287067808887468931e-16 6.3824978693771878712e-16
516 2.0006387472553752715 4.277231231262375033 -3.3969078189020086738e-16 5.2353474979904742868e-16
517 2.0006388212494861101 4.3766387881821433581 -4.3673174539928858365e-16 4.6334303987895757342e-16
518 2.0006388210960364127 4.530395258626681354 -3.9245021750303751621e-16 5.9464497739705860803e-16
519 2.000638984775962026 4.5850930730865400164 -2.8987256046704830102e-16 4.0005196649468074375e-16
520 2.0006389992982382964 4.5864958006660518919 -6.2813308373774046037e-16 3.3571899627849931946e-16
521 2.0006393830931004096 4.6007286975297345677 -3.1335629899157218829e-16 2.9800605151602106071e-16
522 2.0006409915601652827 4.6007353575751253061 -5.0048121814791983779e-16 4.6892975554088529406e-16
523 2.0006442409596618681 4.6072766450555731055 -5.7013789651248411361e-16 2.7608810821067336205e-16
524 2.0006493404190308638 4.6071986236771031997 -2.9779838875239687653e-16 3.319910994806953766e-16
525 2.0006560733818097297 4.6108855764420759726 -6.0019507784597395103e-16 4.3495184267308062945e-16
526 2.0006652812102232453 4.610828660808027557 -3.7648105433284787172e-16 3.1016884281305351462e-16
527 2.0006760576040303334 4.6131386814747799008 -5.0881898597789528705e-16 3.8446199403627740105e-16
528 2.0006895980786612022 4.6131064839443283176 -4.992317448652437333e-16 4.700422004462270991e-16
529 2.0007055021280364393 4.6146423457089422726 -4.4006747666891524619e-16 3.519970749244661094e-16
530 2.0007234421428830018 4.6146281788719241135 -3.1200850343325784013e-16 4.8676148002766266489e-16
531 2.0007460005188351104 4.6156798828532688006 -5.7301033356670506804e-16 4.5090186789917372465e-16
532 2.0007688807243981799 4.6156779546776354195 -6.7547249656653206836e-16 4.255949053242409951e-16
533 2.0007995285302859756 4.6164002608307797004 -3.5274675515435138964e-16 3.7971244085977862858e-16
534 2.0008292911428640082 4.6164066414388091886 -3.1717477603814362624e-16 3.6802608253204535615e-16
535 2.0008684208555740369 4.6168874676567144277 -2.5602097643677725414e-16 3.9934043224704999324e-16
536 2.0009094224853072319 4.6168996908322803563 -5.810302294106117991e-16 5.1171553577618763367e-16
537 2.0009555516562507194 4.6171901186896562308 -3.144477444078422256e-16 5.2334768661643706926e-16
538 2.0010155784273671031 4.6172067539446643991 -5.768868310867777476e-16 4.8971598111171833526e-16
539 2.0010661565173069043 4.6173352855810616546 -3.4306446394253169227e-16 3.8966628233577657171e-16
540 2.0011553894932143649 4.617355650828595337 -4.2884764348937784709e-16 3.6211560077436229128e-16
541 2.0011314265658532996 4.6173350927269209976 -2.9534775329210629611e-16 5.3580486047266963971e-16
542 2.0010400245109702944 4.617359092795640052 -4.6839208629302341235e-16 4.5331643288542027025e-16
543 2.0009877683065515619 4.6171894110115223597 -3.5364961403242981366e-16 3.8872498094397070474e-16
544 2.0009241415999716729 4.6172174710923137297 -3.3552171646003980076e-16 4.776251641607596917e-16
545 2.0008770786051677248 4.6168858479538084083 -2.9433752244514913921e-16 5.685125450930426705e-16
546 2.0008327699496568641 4.6169189196735116454 -4.063163196463708983e-16 3.8536411464095544447e-16
547 2.0007920290446601363 4.616397043199356176 -4.8943964996010462711e-16 4.0068845651178229899e-16
548 2.0007595129492505848 4.6164366636720215453 -5.562527758280472844e-16 3.7879746267209629318e-16
549 2.0007264013748997655 4.6156741060056365455 -3.3061061941528781567e-16 5.0680270514823187235e-16
550 2.0007010557339994783 4.6157224646190089246 -3.7464496852130439418e-16 2.8292180512247256913e-16
551 2.0006754692869099799 4.6146329899038551758 -4.7919222978267709903e-16 6.4326812868418478245e-16
552 2.000654963342247683 4.6146928323686919882 -3.0306341298728580544e-16 4.6756319199815338117e-16
553 2.0006357528634572951 4.6131257452375935557 -5.1318962409114292948e-16 2.8610526094425372814e-16
554 2.0006192061665610815 4.6131994217913891987 -4.1032997167683455019e-16 6.6017084084646439966e-16
555 2.0006049488328767616 4.610874795498955514 -6.0749165648910614078e-16 3.4890484111750048234e-16
556 2.0005921394772681055 4.6109594201275800884 -3.5615601461114899362e-16 6.0249107849682076966e-16
557 2.0005816776016813741 4.6073018248084247617 -5.3206495637342390202e-16 3.7699932323565666091e-16
558 2.0005724456063158634 4.607365086373815366 -3.2443034460569834395e-16 5.7876913941274274686e-16
559 2.0005650701476151987 4.6009853115706418336 -3.799644725886997161e-16 5.3100797213282360165e-16
560 2.0005590788843390371 4.6008180573443890893 -4.1044620851200809591e-16 2.8547645349454761421e-16
561 2.0005544927498468688 4.5872746398891806052 -4.5295314349751374721e-16 3.107391783734811239e-16
562 2.0005513156041740963 4.5850243214876407194 -3.9072730361543130761e-16 4.1730902682030018608e-16
563 2.0005493581613302823 4.5359970294174472016 -4.0440689498359930086e-16 6.7698019919901890893e-16
564 2.0005485395372963886 4.3831556390576160709 -4.7653549344705943778e-16 6.2781989424696425915e-16
565 2.0005484600079048718 4.2802098825077408151 -4.0043273003869725829e-16 4.1537522866313056623e-16
566 2.0005483826754635324 4.1753373782707479123 -7.5010566486585860729e-16 4.1476966977989769342e-16
567 2.0005483092978306736 4.0810305239939816957 -7.032596271960210102e-16 4.474083489313505514e-16
568 2.0005482978034652142 4.0437008339538511592 -3.5151553187005877885e-16 5.1877550445742101736e-16
569 2.0005482502140341516 4.0273937725758299777 -5.1342775668057502626e-16 3.9985261608167996114e-16
570 2.0005482493322652715 4.0189400521289826429 -3.9166116795821165631e-16 6.1631320270864263119e-16
571 2.0005482189079346611 4.0139815492697286103 -4.0379743630841617776e-16 4.9461896023342199794e-16
572 2.0005482195723489625 4.0108118645847561368 -2.8260670657950692643e-16 6.6679798078333491179e-16
573 2.0005481996755873908 4.0086558970916561506 -3.7197733337336010477e-16 3.2797254948751766364e-16
574 2.0005482003315826489 4.0071193744324613562 -4.1531672138990207613e-16 3.4175079326410638783e-16
575 2.0005481869780599169 4.0059837765507468887 -4.9377589643145305393e-16 3.4506064509674275821e-16
576 2.000548187496601571 4.0051196933694512836 -2.4794870888673656571e-16 3.7454172190374905315e-16
577 2.0005481783731222656 4.0044463559761229732 -2.247767155249227151e-16 3.8869826112602957471e-16
578 2.0005481788711718671 4.0039111581499007286 -3.6722800697085199128e-16 4.4846321724569895943e-16
579 2.0005481726239890961 4.0034786019045558447 -3.5963005083574905123e-16 3.2468542681671278494e-16
580 2.0005481732269077 4.0031240060088437716 -2.9289329400321026062e-16 3.3090013304836634257e-16
581 2.0005481690604991485 4.0028297641134935603 -4.5618716593853320162e-16 4.3838884768169263334e-16
582 2.0005481698637779253 4.0025830351855207212 -2.655983327437419183e-16 3.6908400330061921544e-16
583 2.0005481673262184295 4.0023742748590773743 -3.0379166512680322566e-16 4.0005413645761291311e-16
584 2.0005481683975769869 4.00219635023285214 -4.3857433315986913502e-16 4.6548825054923258836e-16
585 2.0005481672712384089 4.0022668855493055418 -5.1280677436035571774e-16 3.3844045733292345066e-16
586 2.0005481686566835009 4.002459969159141373 -4.46432714652709255e-16 5.9115775519041271652e-16
587 2.0005481689133377543 4.0026875866132396453 -1.7132509691574881767e-16 3.3331489959835954793e-16
588 2.00054817063851198 4.00295813894353536 -4.5274118476300697556e-16 4.4089021275709964214e-16
589 2.0005481724436484647 4.0032828634910861965 -2.9638011892246404912e-16 4.598981014886457921e-16
590 2.0005481745065991639 4.0036770345789465253 -4.4734815783848887278e-16 3.9173758589143370044e-16
591 2.0005481782778455901 4.0041618484063450367 -5.919184327284824662e-16 2.5367562868459673595e-16
592 2.0005481806282037205 4.0047674341353030059 -3.4795270154012230435e-16 2.7160569296540513234e-16
593 2.0005481871773445057 4.0055378305885760426 -4.4200449173537350662e-16 2.8041355380755263512e-16
594 2.0005481896729402358 4.0065395538371060269 -5.1004777765873319191e-16 4.4257237461200372115e-16
595 2.0005482005066101969 4.007877082388270118 -3.1210103640369312313e-16 4.5684213851519254765e-16
596 2.0005482028372325587 4.009722547523288938 -4.0746659209841114228e-16 5.2982765830594487207e-16
597 2.0005482207931604144 4.0123769550580314913 -3.5841924064511881564e-16 4.7025664529192457077e-16
598 2.0005482223966932764 4.0164084195901867957 -3.6461775419406834832e-16 3.4797420137753321482e-16
599 2.0005482530344202985 4.0230019631670748126 -3.5000121440366616583e-16 3.8014503103437821477e-16
600 2.000548253335130422 4.0349790040490542964 -3.1558758020968446309e-16 3.1955110748589939096e-16
601 2.0005483080558814635 4.0602721940615555951 -2.472996945105378416e-16 6.6177163807143546109e-16
602 2.0005483096387695063 4.1237547081339203103 -3.4531053227076534054e-16 4.5547863425841149281e-16
603 2.0005484118371019697 4.2458270790903283043 -3.8780162212263844066e-16 5.7372864728696150912e-16
604 2.0005484547590488553 4.3270480265724495794 -4.0237171039028450178e-16 5.4602140807195067066e-16
605 2.0005486213635848003 4.4711217191187220266 -4.3288134379468596275e-16 4.6638376434935069064e-16
606 2.0005496232436557058 4.5771920599825310916 -4.8313016253395582123e-16 4.6670731179932243913e-16
607 2.0005517917237525261 4.5809361629010334482 -3.0950053186806251372e-16 5.7768682871403563871e-16
608 2.000555284072127904 4.5956059725381246395 -4.1703265751278384491e-16 3.4044258548059890673e-16
609 2.0005600518854644854 4.5981293945104297904 -3.2059732850145222476e-16 2.5259934765538826477e-16
610 2.0005664320144882495 4.6034225944189630653 -4.2856599375550606353e-16 3.4438146311604605385e-16
611 2.0005741966423493672 4.6051763012198296821 -3.4696413716921495965e-16 5.6018117879771528514e-16
612 2.0005836151961848834 4.6076742642152401785 -5.3744267649389707985e-16 3.4254544156046882823e-16
613 2.0005949803172358159 4.6089673707526701563 -7.020560189163931883e-16 5.5899934412320519491e-16
614 2.0006076471498959179 4.6102957843684260197 -5.023686392556619751e-16 4.9799389631187294519e-16
615 2.0006232925014684199 4.6112944026254405472 -5.3762930744213236671e-16 6.0956341017187698071e-16
616 2.0006398699586473988 4.6120313687301708327 -3.1276623449450635253e-16 5.6890426234404333946e-16
617 2.0006602609165029527 4.6128296841212259594 -2.479222834828700792e-16 3.9563374578739130442e-16
618 2.0006821689657341423 4.6132260710406063353 -2.9587366385189577734e-16 6.8181466813049370336e-16
619 2.0007074053810511849 4.6138809288159947641 -4.7474016185869480675e-16 4.7581222778839751666e-16
620 2.0007369561530521374 4.6140598535086541077 -3.0401930950866541415e-16 4.2406557927845251022e-16
621 2.0007671439201990538 4.6146072884731337282 -4.3672633009724403638e-16 3.6763976595525019572e-16
622 2.0008072677525658989 4.6146338254912881993 -5.0026600016265451237e-16 5.5300869390337460241e-16
623 2.0008437312743305725 4.6150974120301482273 -5.3705037098002207016e-16 3.0089021150790496381e-16
624 2.0008966805181462867 4.6150069471177390668 -4.5928606508930796171e-16 3.820610923583727354e-16
625 2.0009439685317689239 4.6154022226143709418 -5.5770104691792811351e-16 3.776929405071011316e-16
626 2.0010080882360368193 4.6152131951346788696 -4.0586614285880912345e-16 4.0517387533085751029e-16
627 2.0010774665558082042 4.6155500280400101332 -3.8537762489169920546e-16 3.7743806596693893696e-16
628 2.001107932226990016 4.6152699336966129806 -2.9638849204598692798e-16 5.90481170698857663e-16
629 2.0010403861211201182 4.6155536737683018345 -2.7253604937430107757e-16 3.5329347695218203557e-16
630 2.0009791183557612548 4.6151817391551643865 -4.0415255518897626776e-16 4.5212262400540324291e-16
631 2.0009097608457824258 4.6154134785193843271 -4.9962287427743920165e-16 2.9971476223292322561e-16
632 2.0008641952968817534 4.6149413549933511192 -2.9900203508824376132e-16 5.2045628934886608153e-16
633 2.0008106903061322335 4.6151172938415951919 -2.9272852839387662749e-16 5.1067372454012169559e-16
634 2.0007729049852933656 4.6145281662274930667 -5.4191307934952561237e-16 4.3732798300543941973e-16
635 2.0007333440409742487 4.614637707187345228 -4.3064609125346287284e-16 4.9703255720718700559e-16
636 2.0007009176060956968 4.6139035674475197268 -4.4727078640706923194e-16 3.7161618225616463136e-16
637 2.0006714510891896452 4.6139250957378141749 -4.0700966985227513729e-16 4.5172975958702331883e-16
638 2.0006441515307069601 4.6130011433070059468 -3.9502390040735055987e-16 4.2551828297130063241e-16
639 2.0006214686765413369 4.6128928725498949959 -4.683814137382613279e-16 4.7625625310587037579e-16
640 2.0005993451585433185 4.6117064769699949167 -3.2128369652026689313e-16 6.9899103847856021496e-16
641 2.0005812678941743421 4.6113853660481174401 -4.9594931091389075239e-16 5.5290611839553132189e-16
642 2.0005639417553933157 4.6098132833021345789 -2.6899510552224477949e-16 4.5629091895268419915e-16
643 2.0005492973098153442 4.6091009307951686935 -4.0739052201708381236e-16 4.6335237154714890725e-16
644 2.0005360174020951902 4.606917660231456324 -5.2493678851546868745e-16 4.5144925346139346842e-16
645 2.0005243233532259417 4.6053771441445059409 -3.0502149458977512364e-16 3.8371734994039720518e-16
646 2.0005142822217356624 4.602119949146201705 -5.9769125163742825378e-16 4.3026177991644443389e-16
647 2.000505358396067912 4.5984254761449916415 -3.9522891925661309221e-16 5.061638624647088477e-16
648 2.0004979332912933288 4.5929538352268819423 -2.7628043115789442103e-16 4.8240486314571540991e-16
649 2.0004915866234971311 4.5811112796724993146 -5.1999993071851677981e-16 2.4344560806783711109e-16
650 2.0004864274938300994 4.5694151500358808349 -4.740617375393624224e-16 5.6325272586043231667e-16
651 2.0004823738563506375 4.4441614254175751952 -4.4864566356436741616e-16 4.4962150820119037713e-16
652 2.0004793373019489344 4.3103284043685983207 -5.3031938283582974256e-16 3.6142823520975595538e-16
653 2.0004773171688317035 4.2274379854494883446 -4.0314121655793546063e-16 4.4131630836811032991e-16
654 2.0004762096606825139 4.1088295153437970342 -6.7492532130897569319e-16 6.9002001828946982252e-16
655 2.0004758703385232543 4.0545511032461059031 -3.7215063011082852556e-16 5.747586161438699552e-16
656 2.0004758702842484475 4.0324310372824507809 -5.3880233536036238256e-16 6.3988347238859915585e-16
657 2.0004757735574036914 4.0216579249309205579 -7.0427996549390569845e-16 2.5781010837878609119e-16
658 2.0004757611518355631 4.0156076140521399509 -3.567794414851292652e-16 6.7737706067400128936e-16
659 2.0004757284778098558 4.0118561747270309326 -3.6627608897148090525e-16 3.2687928876446325041e-16
660 2.0004757131059918152 4.0093607221277149932 -5.0654635347898080427e-16 2.5522396089500387619e-16
661 2.000475701076374957 4.0076120765236415977 -2.7724500457246157856e-16 5.0389875181283972449e-16
662 2.0004756873976798914 4.0063367056332337413 -2.2323905933921098455e-16 2.8153081233054588638e-16
663 2.0004756830816328161 4.0053765103651493007 -5.9228196085186769332e-16 3.9915598760930406836e-16
664 2.0004756719222949179 4.0046347125961192503 -2.7149698413439444063e-16 3.842153769418370326e-16
665 2.0004756708465021298 4.0040492711824935412 -3.944724786960453415e-16 4.2913083472692705224e-16
666 2.0004756619568793141 4.0035788718637537187 -3.1841760523652006557e-16 3.7326297507703929979e-16
667 2.0004756624209085736 4.003195109566664911 -5.044463617580061168e-16 3.4817712887554528414e-16
668 2.0004756553534872587 4.0028779149300319773 -4.1483306443608901221e-16 4.7351834621303412884e-16
669 2.0004756566844577037 4.0026127701616447396 -2.996188377979410174e-16 3.3627361556626903855e-16
670 2.0004756510279655402 4.0023889555470217871 -3.0863144084379035988e-16 4.9809658498054725373e-16
671 2.0004756529760472361 4.0021984121964697678 -3.099224594117229701e-16 5.6136695695496746532e-16
672 2.0004756484006844808 4.0020349858585229086 -3.417000740464777886e-16 4.5927025493582786108e-16
673 2.0004756509124828057 4.0018939158088251418 -4.6068346184471562134e-16 3.3208560413210981703e-16
674 2.0004756471647482385 4.0017715100866455558 -4.9064687177450825812e-16 2.8234854175048497102e-16
675 2.0004756502965488352 4.0016969890983276059 -3.2570819539442680499e-16 3.0217036914758635976e-16
676 2.0004756471847504606 4.0018094619960518088 -6.8104647243015458771e-16 4.1185364157372288932e-16
677 2.0004756510739576392 4.0019395402694284414 -3.2652925371998752957e-16 3.4049459565469410279e-16
678 2.0004756484571077912 4.0020899472698685528 -3.3199642322389848001e-16 5.6178556703012941126e-16
679 2.0004756533224710147 4.002264857069786963 -3.2186349279579668891e-16 4.2581784694769262338e-16
680 2.0004756511087991022 4.0024696511612525285 -4.2937371873168051445e-16 2.4955727244827764888e-16
681 2.0004756572693471739 4.0027113283749455874 -3.3480629311405636743e-16 4.2172890152251067069e-16
682 2.0004756554340761276 4.0029991215636329116 -1.8490647575069228911e-16 4.2141564945027147744e-16
683 2.000475663343653121 4.0033454164266508712 -4.5903552681944218024e-16 5.6344286923908510056e-16
684 2.0004756619916537197 4.0037671495203177585 -4.4817975181870724353e-16 3.6362403009962227978e-16
685 2.0004756722842191863 4.0042879935730004703 -3.6171098969370994642e-16 6.9460138211311809207e-16
686 2.0004756718312188823 4.0049418826783700354 -6.1096853626870498987e-16 3.0949400499896816479e-16
687 2.0004756853504725989 4.005778910958302852 -3.0274190134203661644e-16 4.1481633512682632431e-16
688 2.0004756870525266521 4.0068756379737617834 -1.9266780317196979798e-16 3.6117724367809610459e-16
689 2.0004757047427794703 4.0083540485485320559 -2.9245107797596470235e-16 3.5384145569424269104e-16
690 2.0004757123680407815 4.0104187042254348938 -5.9148734670595722265e-16 4.5209182084949293544e-16
691 2.0004757345083428177 4.0134354466803108252 -3.878571113933149569e-16 3.5228532689904320298e-16
692 2.0004757603412981481 4.0181152235776043113 -4.0794210229519706033e-16 5.07324917887861539e-16
693 2.0004757830922654804 4.0259993938319906803 -5.5126262659254147844e-16 4.5932210088522002184e-16
694 2.0004758744398909442 4.0409475473208669172 -5.5231351642842125954e-16 4.378952677863424966e-16
695 2.000475880354987801 4.0744125791407421744 -4.34691851066598104e-16 4.075427056275747116e-16
696 2.0004762910800546472 4.1598092677478728518 -4.9021229237263467308e-16 2.6214375685830777208e-16
697 2.000477497262892701 4.2723423780693048357 -4.6537019976431988659e-16 3.901663005942656468e-16
698 2.0004796369352484398 4.3665433380642415528 -3.8511421827624178339e-16 4.9217077665890785143e-16
699 2.0004827784318370831 4.5207545017530987863 -4.7403179323954576485e-16 3.3988264220524994268e-16
700 2.0004870135827403921 4.5847692993002944206 -5.1236760721834235921e-16 5.9127256576698537136e-16
701 2.0004922914669900358 4.5851806020568091071 -3.0388481065239688408e-16 4.7121833970670821704e-16
702 2.0004988330348920655 4.6002712072444689184 -4.654695238709347782e-16 2.9567869188095515367e-16
703 2.0005065611888794841 4.6002040681194253935 -4.8364428284426769868e-16 4.5870320899587152891e-16
704 2.0005155421563052265 4.6068692064675378361 -5.7239184932695766152e-16 2.1806950003799119885e-16
705 2.0005261742895044108 4.6068697201589152712 -3.4844975580717329229e-16 3.111880899414529453e-16
706 2.0005378633995833937 4.6105237569022037292 -4.5987606681725095267e-16 4.9261749306281997531e-16
707 2.0005518486404456624 4.6105738519210479609 -1.7874182146159928044e-16 3.8553271546527876971e-16
708 2.0005668997983030444 4.6128095836121190132 -5.7692793216531034524e-16 3.8252255110668984387e-16
709 2.0005845157961124059 4.6128846302648867095 -4.3602772222573492761e-16 2.4132991018785384871e-16
710 2.0006040792034953668 4.6143365879416045061 -2.3388354411584718116e-16 3.3974397783534442399e-16
711 2.0006254983719888862 4.614423092933375159 -2.7899278275288204942e-16 3.4240343804589009445e-16
712 2.0006511710977412655 4.6153912535521532945 -3.6807578686523387908e-16 5.9593843145299399019e-16
713 2.0006769214402351231 4.6154824235236269203 -4.3218309484630897972e-16 3.1692097876607743072e-16
714 2.0007103655315368052 4.6161246618222442351 -3.0334439430828984181e-16 3.2082834089758371887e-16
715 2.0007421779103413684 4.6162172153209315439 -3.0260050585281152603e-16 3.4895660449494997321e-16
716 2.000784252768800453 4.616622181661791835 -4.5137035194816045109e-16 2.802176105321372979e-16
717 2.0008261267826714658 4.6167146928565214736 -5.8375642313634066116e-16 5.4667571921842020411e-16
718 2.0008757853719845166 4.6169333683183904071 -4.0018572500372764506e-16 3.2028113379987937214e-16
719 2.0009352819449026661 4.6170254323811450448 -3.25239655507105032e-16 4.897234749561639496e-16
720 2.0009892642308613198 4.6170859846571596918 -3.365990178443979517e-16 3.4035548888859319396e-16
721 2.0010781614826163022 4.6171777919768892673 -3.8099477693641758627e-16 4.0262987735866419861e-16
722 2.0010777953155609588 4.617092727763514759 -2.5248191922366843647e-16 4.2974672463792874964e-16
723 2.0009858463244629689 4.6171848402745663265 -2.1769264394058020161e-16 5.5516267725412146646e-16
724 2.0009328074993391056 4.6169540274030156368 -4.1257268985824768625e-16 6.4337640616192897545e-16
725 2.0008656068536443406 4.6170472475897161857 -3.6818639606254700758e-16 4.5823934476239070419e-16
726 2.0008186891998689383 4.6166581488171081205 -3.7155251450139231346e-16 3.3822429621824772441e-16
727 2.0007710763776609397 4.6167534052390788446 -4.9907084649688179803e-16 6.2815011439813299133e-16
728 2.0007297514905850733 4.6161786523408840921 -5.7387366577190643599e-16 6.2336894162716051611e-16
729 2.0006946727857450874 4.6162768069356845402 -3.8287063987306703481e-16 3.7569817153083557186e-16
730 2.0006599421014072959 4.6154681284912664196 -6.3792805869835016918e-16 4.5213607113683701967e-16
731 2.0006325325800871084 4.6155695047985894064 -5.0647035029507259341e-16 3.3568467902644674851e-16
732 2.0006045932081808481 4.6144451958795125179 -2.4084712339646122139e-16 6.490074414768798832e-16
733 2.0005821069361098274 4.6145482798928751933 -4.9912698833089322577e-16 3.4349530707252916076e-16
734 2.0005601652373417032 4.612967222553281843 -4.2333224158919412484e-16 5.6745762862451657424e-16
735 2.0005413307156598712 4.6130648165820273832 -3.2315106816102376721e-16 4.5949784388649341317e-16
736 2.0005241439254715097 4.6107685366307551433 -7.4305703685396032014e-16 3.3748827854353084531e-16
737 2.0005085079162823192 4.6108351548697674716 -5.0604955421595172843e-16 3.0071657323285553722e-16
738 2.000494904336585833 4.6073017426287741216 -4.6028355593174018891e-16 4.7510197343864084942e-16
739 2.0004822658000822599 4.6072450582075026304 -5.1393946791975133198e-16 2.7754223420069660914e-16
740 2.0004713899366106666 4.6012450847199906079 -3.3267201234814562919e-16 7.275078095855599548e-16
741 2.0004614754013170241 4.6006615868249154389 -7.1570116000057573246e-16 3.5756056963462958775e-16
742 2.0004528343697036696 4.5884138656394117817 -2.2220350855198891259e-16 4.6782766755667223794e-16
743 2.0004452582986065323 4.5845463594258806239 -3.7016829949692882491e-16 3.6531555134995030402e-16
744 2.000438641780329263 4.5441340093015067936 -4.7705160657780773531e-16 5.4439769069067518753e-16
745 2.0004330430772117033 4.393795843862810635 -6.5845682839839437393e-16 4.9175496697513716177e-16
746 2.0004283087056751178 4.2849585036974149332 -3.9996946755496952023e-16 5.0949846455333993087e-16
747 2.0004244659116396932 4.1850770133842658538 -4.6486027004403369808e-16 4.4419540085144828119e-16
748 2.0004214444280967733 4.0853456307452375995 -4.3022752371582727903e-16 8.9527525947927556959e-16
749 2.0004192240118521262 4.045370608386646083 -3.4119025879068479236e-16 2.6557782309878138533e-16
750 2.0004177603289932108 4.0281445736991505768 -3.9652310965756264424e-16 3.6856918916447125655e-16
751 2.000416993495634177 4.0193123340357281847 -5.2997253220375073081e-16 2.7562714795817990461e-16
752 2.0004167893928999078 4.0141711244941911119 -3.536198693845958412e-16 2.9657836706031577967e-16
753 2.0004167881557926023 4.0109021618525426689 -3.8258108858802964683e-16 4.8624976823550837385e-16
754 2.0004167120797657908 4.0086872598959990555 -3.7775329936637698359e-16 2.3940599716208143242e-16
755 2.0004167089089146536 4.0071132710768244678 -3.8391699013769674003e-16 4.1238267285152186209e-16
756 2.0004166787875230504 4.0059524962283949989 -3.0375346125637027217e-16 3.9391289724625780773e-16
757 2.0004166718506368738 4.0050706800198696556 -3.7140214938515085287e-16 2.4552812670157806109e-16
758 2.0004166589227683204 4.0043843227231619153 -2.3247323091248223181e-16 4.4959791578500744745e-16
759 2.0004166515983619057 4.0038391942241187138 -3.3681784163932673214e-16 3.387722378256267657e-16
760 2.0004166458130905326 4.0033987863849871403 -2.642982609125244595e-16 3.9329606536221630147e-16
761 2.0004166393465427909 4.0030377646342021336 -4.0998931550617171948e-16 4.8704439039321286582e-16
762 2.0004166368147444643 4.0027380849483416014 -6.5247915491631364982e-16 3.0693477113389275869e-16
763 2.0004166314753017986 4.0024866026467487146 -3.1339948861143605721e-16 3.5127082623452795831e-16
764 2.0004166305671513548 4.0022735512127294299 -5.2722343306436764706e-16 3.9878153420624994507e-16
765 2.0004166262925195952 4.0020915467890549877 -4.32576104464308059e-16 2.3134917086759765837e-16
766 2.0004166262932328024 4.0019349202597780391 -5.0093098589462857186e-16 5.5047820190009282877e-16
767 2.0004166229322861703 4.0017992591749322884 -4.8271910584975529328e-16 4.8174027698180423684e-16
768 2.0004166235339417845 4.001681087603533804 -3.3619873530776437045e-16 3.2878870833821559338e-16
769 2.0004166209286631251 4.0015776393970865499 -4.041070844296920279e-16 4.4551485215830473076e-16
770 2.0004166220253769559 4.0014866998140234955 -3.3680815075095848756e-16 3.5455444918354474038e-16
771 2.0004166200336634951 4.0014065418021074194 -4.6430274029223576155e-16 2.779747597976380869e-16
772 2.0004166216387013755 4.0013811864474115865 -4.9740362664115982984e-16 3.5870709173559392678e-16
773 2.0004166201357036492 4.0014589152888984103 -2.6544609286678878399e-16 5.0239392818860126714e-16
774 2.0004166223544168624 4.0015473476870644376 -2.3236966743954246728e-16 4.8663958394692456187e-16
775 2.0004166212260248159 4.001647988549568602 -4.2599577614032549779e-16 5.410258083951668177e-16
776 2.0004166242611631787 4.0017629700628152278 -4.3839991931689457552e-16 6.0573044535795007551e-16
777 2.0004166233942477504 4.0018949619225345771 -2.8656191581095040736e-16 3.8820457550931186367e-16
778 2.0004166275790864482 4.0020473157952327625 -2.3454937531436634547e-16 3.5317931522505168914e-16
779 2.0004166268513192684 4.0022242796430207434 -4.9049511542485304576e-16 4.115016409272330063e-16
780 2.0004166327180676888 4.0024313008109269063 -4.0178734476172875615e-16 5.9802643837355165839e-16
781 2.0004166319942728869 4.0026754587765340787 -1.0468636553248896991e-16 3.5439524998107623008e-16
782 2.0004166403972192256 4.0029660942329128304 -4.0546610538384455144e-16 6.4453074541129038927e-16
783 2.0004166395610840645 4.0033157433878079345 -2.1229232675965262969e-16 3.6510444284193850934e-16
784 2.0004166518859598511 4.0037415598408703232 -3.9597253049297672313e-16 2.6513457217154582681e-16
785 2.0004166510268266421 4.0042675393507209947 -4.1274846146210185257e-16 3.4304234576624107876e-16
786 2.0004166695018579247 4.0049281132673204553 -3.1130988326634962084e-16 4.3282422136096943788e-16
787 2.0004166697821785803 4.005774170667375067 -3.4409302795134221462e-16 2.4686653532558019015e-16
788 2.0004166976594706107 4.0068835989381010876 -5.7903320234796478918e-16 4.5245018299257111189e-16
789 2.0004167055010171339 4.0083807195685068336 -4.2152490230726229793e-16 4.8275445708362875321e-16
790 2.0004167450422398744 4.0104744763392004003 -2.534228610323684733e-16 3.3159547013808594167e-16
791 2.0004167968618045137 4.0135396091925334972 -3.7275964436646845114e-16 3.8545746447958640857e-16
792 2.0004168314675903062 4.0183070544799672774 -3.5642546679616714104e-16 4.52874011959066706e-16
793 2.0004172754524272015 4.0263692646190429869 -2.2149453338065189569e-16 3.7183704487458317875e-16
794 2.0004183635345813563 4.0417389465108541913 -4.706940051727725991e-16 4.1056256978230061022e-16
795 2.0004201844428206591 4.0763950153324719494 -3.3370934591625609668e-16 3.8658937571302139616e-16
796 2.0004227909845209155 4.1646562674598692766 -2.8862603176812516676e-16 3.7170145647970588193e-16
797 2.0004262148105116381 4.2748762205272266002 -3.2495458808716681974e-16 4.6952407438749244193e-16
798 2.0004305069277910079 4.3717681814901219184 -4.654115824573551798e-16 6.2357099829378587386e-16
799 2.0004356709231281286 4.5259061339182169448 -3.3330568727300347389e-16 4.8663461083842704687e-16
800 2.0004418374462558106 4.5849696748415729175 -5.2228717377002116034e-16 5.8975567287529380395e-16
801 2.0004489206619857633 4.5858465696250743093 -4.5062038003838384596e-16 7.3709841607609519504e-16
802 2.000457141686436735 4.6005206631666943906 -4.7951101082277895738e-16 3.3060352045200763041e-16
803 2.0004664983566327052 4.600465456412934806 -4.3264383836338293313e-16 3.7571912423587247673e-16
804 2.0004769303441829464 4.607084107400305939 -3.5963977774902731776e-16 4.5780774717580119227e-16
805 2.0004890181441719044 4.6070286559779356494 -4.0363941588967441438e-16 5.7992757199180316511e-16
806 2.00050201337453748 4.6107109155851482285 -4.1893233078816474538e-16 2.8975912835023143211e-16
807 2.0005172444477454796 4.610695883698527453 -2.4107396576951065662e-16 6.076208726389666655e-16
808 2.0005335437056936954 4.6129775465629263564 -2.6072336129830181581e-16 4.3395780113787013415e-16
809 2.0005521677914805956 4.6129905116670304466 -3.2440963001292188423e-16 4.4875827751086471849e-16
810 2.0005729626478725436 4.6144911014962941564 -5.6001219374823275608e-16 3.055839229822149547e-16
811 2.0005952044458554795 4.6145208977077105672 -3.6752543942949383207e-16 5.2063939269923404604e-16
812 2.0006220461533037458 4.6155360044308597622 -4.7199321212994122488e-16 5.8216161235492501139e-16
813 2.0006486046581937188 4.6155757096714911114 -5.044706229104312905e-16 4.2197287280764984357e-16
814 2.0006829790997415763 4.6162620408883556777 -3.0339298056224285235e-16 5.4119624131119468626e-16
815 2.0007158410504191082 4.6163076652033687708 -4.4548598644864464225e-16 4.4584451034045228965e-16
816 2.0007583378731084167 4.6167537575968236041 -3.5964438603829853788e-16 2.2949476990997394788e-16
817 2.0008017587839161955 4.6168031140094241138 -2.6221801471125276116e-16 3.477679750658443448e-16
818 2.0008511924286320749 4.6170601609733648019 -4.3504784267613995232e-16 3.6102113583628109926e-16
819 2.0009128014030062026 4.6171121810906559091 -5.5733412079331321042e-16 4.5020038051511071868e-16
820 2.0009665224084072221 4.6172086165767201038 -5.0017945568491958051e-16 3.7872167841477248581e-16
821 2.0010571814463626872 4.617262966015966974 -3.0509044428786169706e-16 3.3165653135347600186e-16
822 2.0010546676116223175 4.6172114971624003132 -4.7413205315015677449e-16 4.1412510834431770819e-16
823 2.0009620059573030026 4.6172683692839715519 -3.640323821811102127e-16 4.2557039141089736144e-16
824 2.0009086993408917721 4.6170689205137378508 -2.5941670544521513308e-16 2.9431643258261155459e-16
825 2.0008422920030697334 4.6171289337196252944 -4.1141194319846652614e-16 3.5221168277803141373e-16
826 2.0007944277034388492 4.616768789340422785 -2.9666523282449341441e-16 3.2709499868328163866e-16
827 2.0007473837048710408 4.6168329378167163313 -2.9042708262749574942e-16 4.4860701963696064073e-16
828 2.0007052571414796205 4.6162841614263721013 -3.4384951665000695429e-16 2.5485283227177383549e-16
829 2.0006702733109782422 4.6163537645872931847 -3.2177230020318875762e-16 6.2389769890227121857e-16
830 2.0006350175150688919 4.6155668244776535403 -3.2301348817014218068e-16 4.2922031464022291866e-16
831 2.0006073233403611766 4.6156433596153965127 -2.4584728947411138587e-16 3.5429564751329117536e-16
832 2.0005789845618688894 4.6145339606895108275 -6.218906045318685642e-16 3.9338229797987658711e-16
833 2.0005559811826838512 4.6146184378344310417 -5.7528165789310906059e-16 5.4687755085088782656e-16
834 2.0005336064222762893 4.6130400863737399675 -5.9315886692428454403e-16 8.2395817007342393479e-16
835 2.000514137142612725 4.6131308047610808387 -3.8802428039689461806e-16 2.4801860579436995458e-16
836 2.0004964003546361617 4.6108131790439497166 -4.8698952333712039623e-16 4.0179098070306216275e-16
837 2.0004800587677546986 4.6108973676844833278 -3.1166457012888334072e-16 5.0618087792474076941e-16
838 2.0004657653968433983 4.6072894500404721896 -2.8481341059514015002e-16 6.4807555553210214537e-16
839 2.0004523399871989575 4.6073078547159260765 -3.5107623010091780781e-16 3.512978093012788865e-16
840 2.0004406337246591896 4.6010946762595983373 -3.0133441461015504935e-16 4.0320914640369273902e-16
841 2.000429819746303739 4.6007486362904037591 -4.4775333214241213232e-16 3.2609294684850393863e-16
842 2.000420208635134145 4.5878021889391327193 -3.3021184573995326321e-16 4.0083063240112371237e-16
843 2.0004115960145276709 4.584809187345785908 -3.8728691292179869173e-16 3.5584695598504623412e-16
844 2.0004038603781362227 4.5399799602617356697 -4.7472135835601308713e-16 3.364868137954109779e-16
845 2.0003970680094571577 4.3881599194907439099 -7.2101335480486080199e-16 3.2794925823110856578e-16
846 2.0003910472412811394 4.2824052814594111283 -4.8451167619123908443e-16 5.6013438600724135998e-16
847 2.0003858349516856485 4.1798805475509475116 -4.3209887501541001903e-16 4.1841517798064282607e-16
848 2.0003813484282852997 4.0829630963334588856 -6.7704444750779349291e-16 5.4776418552940168038e-16
849 2.000377573697788236 4.0443959675907450446 -3.9466047631113859426e-16 5.6877849426407572376e-16
850 2.0003744755729173654 4.0276575547454287474 -3.1278687318068275409e-16 3.9567173482071490304e-16
851 2.0003720255487249524 4.0190253358526986105 -3.0947621955487511909e-16 4.635601979372894104e-16
852 2.0003701981812485045 4.0139802812433975632 -3.0996139945811651122e-16 2.8175211454765419669e-16
853 2.0003689657315071315 4.0107632800242312143 -4.0800023541608791923e-16 3.652423620008184466e-16
854 2.0003682871998598181 4.0085789530513595835 -3.7859201184947461802e-16 3.7020900595419292401e-16
855 2.0003680725512409389 4.0070241272105766583 -3.6255648618075345458e-16 4.4665643122909311132e-16
856 2.0003680723990902024 4.0058759502208829417 -4.3933012069781837913e-16 4.8081337343943749291e-16
857 2.0003680134539401081 4.0050027239176344551 -3.1651689748091186398e-16 6.264802387514622839e-16
858 2.0003680038573001809 4.0043223883120102613 -4.5066032977213797134e-16 3.4861182985350352512e-16
859 2.0003679852320184196 4.0037815673734122868 -3.9633626060139282461e-16 3.0996422848632678212e-16
860 2.0003679740635225137 4.0033442817566173844 -4.0635130686901643831e-16 2.5286060888700006301e-16
861 2.0003679677698751327 4.002985536123393473 -3.8530696604731628869e-16 5.13903800079304714e-16
862 2.0003679582715347962 4.0026875106625885437 -3.2436253713657212191e-16 5.1941016080296304034e-16
863 2.0003679562063965136 4.002437212635808983 -4.0312778659693132243e-16 4.9229298054618659723e-16
864 2.0003679488213155224 4.0022249806346428258 -2.624168440508886662e-16 4.2125989073355764969e-16
865 2.0003679483157617014 4.002043504675554253 -2.911401618275399133e-16 2.8883310023598664088e-16
866 2.0003679427595391083 4.0018871680610814678 -4.9876903162604052128e-16 4.789226804726988756e-16
867 2.0003679428729337353 4.0017515954584119697 -4.9069244837753877621e-16 4.0924435418532270917e-16
868 2.0003679387585799887 4.0016333363741685147 -2.7431599153634292086e-16 3.1929285667935794565e-16
869 2.0003679391627158246 4.0015296394922117429 -4.0569008976907440514e-16 3.7959792463913249664e-16
870 2.0003679361548001303 4.001438289245414559 -4.7349134357975768642e-16 4.0188233632962176045e-16
871 2.0003679367599094263 4.0013574859089588998 -2.1038422677766541809e-16 4.3230949507856759795e-16
872 2.000367934596063435 4.0012857570869257984 -3.0351859329392811048e-16 1.7558845058995408259e-16
873 2.0003679354179295657 4.0012218943739874533 -2.9320533341079635606e-16 3.8120518601355601737e-16
874 2.0003679338969098112 4.0011649321264979307 -3.8245839147113822233e-16 5.4951390809354260917e-16
875 2.0003679350115639579 4.0011354620534733684 -2.9636201363069517145e-16 3.2379911812216554078e-16
876 2.0003679339755633393 4.0011893279281336433 -3.6393152996056001136e-16 3.6616911677961804233e-16
877 2.0003679355107086835 4.0012500390112810678 -3.3340929719780538947e-16 5.0102554445532516204e-16
878 2.0003679348287932704 4.0013182404134823855 -3.4931399282500114896e-16 3.0314427906457603548e-16
879 2.0003679369756315332 4.001395048742603322 -2.4679108071179813417e-16 5.6033607861139375246e-16
880 2.0003679365295150561 4.0014818334597128668 -3.016134767031821499e-16 4.3691501935407523503e-16
881 2.0003679395726994272 4.0015802664830140145 -3.6720729967671242397e-16 2.7574698280562817834e-16
882 2.0003679392460447239 4.001692400702557606 -4.0489683943942849802e-16 3.233090440281926821e-16
883 2.0003679436171331041 4.0018207772806153599 -2.5505541330524898239e-16 3.9418921608902484142e-16
884 2.0003679432951155803 4.0019685715469934806 -3.6626754074956304276e-16 2.4760171414491334124e-16
885 2.0003679496614399369 4.0021397934822342535 -3.747815775118130046e-16 4.0371288309932497394e-16
886 2.000367949268698986 4.0023395672922630339 -3.1799675085666027916e-16 3.7998949888177687653e-16
887 2.0003679586711635707 4.002574527951467509 -3.6709054419005004794e-16 4.3385848251295708037e-16
888 2.0003679583584026425 4.0028533944502866504 -2.9171016296349693212e-16 5.7257091900700505079e-16
889 2.0003679723772878063 4.0031878162784195752 -3.6949896252619114678e-16 2.6568361435634097456e-16
890 2.0003679733145900421 4.0035936535241152257 -4.3471742144240703281e-16 4.4766120568945253996e-16
891 2.0003679939884766448 4.0040929655409716048 -3.0771098675011951689e-16 3.8007707221734442226e-16
892 2.0003680019343481611 4.0047171968195565128 -5.6693239367772386106e-16 3.2864904610431795039e-16
893 2.0003680296371193492 4.0055124653832194781 -3.9521732617497837037e-16 4.8127731207477744034e-16
894 2.0003680744844198891 4.0065487149832623714 -3.3383956734999691188e-16 3.1994305169482764123e-16
895 2.0003680944690005461 4.0079363620908257104 -4.3144023205257976177e-16 3.3274937589923822194e-16
896 2.0003684190574211321 4.0098584612804559768 -3.4703313501471340786e-16 6.1856136039046641553e-16
897 2.0003692419706089467 4.0126376662185707644 -5.006229370157138542e-16 3.177816906517470192e-16
898 2.0003706345142955314 4.0168892337422246186 -2.7058078459638810132e-16 3.0563224046769999098e-16
899 2.0003726337186744644 4.0239140054656443724 -3.0851419032039994182e-16 3.2049126503987329623e-16
900 2.0003752676893586937 4.0368645028360443661 -3.1518840622747224368e-16 6.3406816764608471498e-16
901 2.0003785643929479221 4.0647826703590084207 -3.4118898322112291239e-16 5.347653356414514595e-16
902 2.0003825572518261211 4.1356566187241927679 -6.7549090116946745098e-16 4.0722670016018379311e-16
903 2.0003872753969877962 4.2567255071371006281 -4.3327193471538325952e-16 3.1593495393298943498e-16
904 2.0003927528235405653 4.3403561730655049189 -4.4152584754675401689e-16 3.0320700998238926845e-16
905 2.0003990340825770211 4.4899989981150900675 -3.8994061312823937822e-16 3.5353586905169332164e-16
906 2.0004061984510275174 4.5810842667481042056 -2.898382417004146423e-16 3.5010189458609154931e-16
907 2.0004141858708002211 4.581906452488974324 -6.9299805460987206866e-16 3.9381647478587909134e-16
908 2.0004232875127647695 4.597565162056714172 -5.5627724268997845529e-16 3.7160548888589781891e-16
909 2.0004332999268608084 4.598597870912874086 -7.4110304763654984661e-16 3.7910999205837945678e-16
910 2.0004445268747588216 4.6047263813731396098 -4.6205394278437446026e-16 5.860988875917521174e-16
911 2.0004570697471280027 4.605604039008470707 -4.7941053079865997498e-16 4.664195605858216908e-16
912 2.0004706363595063934 4.6086832980402787641 -9.2373200812776146411e-16 5.9243542549065644935e-16
913 2.0004863089195983328 4.6094054653312932501 -3.9857994418034933119e-16 3.3080544357127949658e-16
914 2.0005027089333302648 4.611147269445988961 -1.9618475849915364197e-16 4.5732266573903262201e-16
915 2.0005220272783641455 4.6117476578869336379 -3.3265395924829071471e-16 5.0125872523138573921e-16
916 2.0005422647505124445 4.612788270379476252 -3.699570624021595411e-16 3.2640863392824111221e-16
917 2.000565510096619537 4.6132959771838084606 -3.8973941867202914055e-16 9.2793921989721358332e-16
918 2.0005912251351141151 4.6139210434149173778 -5.9649926489049256142e-16 4.319476924504606389e-16
919 2.0006185712991353398 4.6143575398968170731 -4.5809339827186617344e-16 2.1389381277638569088e-16
920 2.000651983941168055 4.6147112603418278809 -3.8008267109398413645e-16 3.3318584914302475624e-16
921 2.0006841406069044709 4.6150919817799627154 -4.8464001892669066187e-16 5.0557397073784292789e-16
922 2.0007274866759887644 4.6152525050551460595 -5.8605297775748122522e-16 5.9650027854280990238e-16
923 2.0007669324835357649 4.6155885221144012931 -5.2259429472300617922e-16 3.6406573821589654276e-16
924 2.0008210342801096004 4.6155993708330393943 -4.2084043547331799416e-16 4.0337301865996511962e-16
925 2.000873776414832772 4.6158985675996317966 -6.0646299793411770006e-16 2.3647817149982000439e-16
926 2.0009353995437733076 4.615783028928852616 -4.5961034183495034575e-16 4.6021323736472874172e-16
927 2.0010139958116162084 4.6160508243280204965 -5.0767915831654593115e-16 2.7804296005545582445e-16
928 2.0010432580234280842 4.6158187983568623736 -2.4427428211469005284e-16 3.8040112334726054781e-16
929 2.0009651929965532879 4.6160584894293386071 -5.5249684750546491294e-16 3.428659011422663375e-16
930 2.0009077826445182957 4.615709496873251716 -6.1751271347122508993e-16 4.0294346294460581616e-16
931 2.000836737522467601 4.6159222366804328885 -2.9315569754543710673e-16 4.9654756536002171761e-16
932 2.0007908714273585637 4.6154460304260265247 -5.8910267759679427712e-16 3.6865865633895713693e-16
933 2.0007378850292028005 4.615630341818873994 -4.1465975095874240955e-16 3.460076381238346622e-16
934 2.0006981828661989375 4.6150054638143567232 -3.2965930197786725878e-16 4.1086664471467381397e-16
935 2.0006590591546054014 4.6151559881608008595 -3.988522071447880725e-16 3.6532782280491427382e-16
936 2.0006245547365053561 4.6143457723944170112 -4.7672311039643673883e-16 3.0786850394942742354e-16
937 2.0005947195204853983 4.6144505070094492538 -3.7868014319308687667e-16 4.7801063622709141508e-16
938 2.0005656275518584053 4.6133948608567498795 -5.6352374833496731054e-16 4.8603029811620989723e-16
939 2.0005417738841089204 4.6134290045347245979 -5.2340551301647953941e-16 4.2458295783756669476e-16
940 2.0005179886397748135 4.6120278526116900153 -6.0438329343067765492e-16 2.8102659136209765274e-16
941 2.0004981408118518438 4.6119390967178093277 -4.2381700816899398216e-16 5.6454404021920675664e-16
942 2.000478998169283873 4.6100170270372968773 -3.4048909307213084037e-16 8.3439268416356579808e-16
943 2.000462174882418509 4.6096861372880191254 -4.7451569182266573901e-16 4.8447971723612157727e-16
944 2.0004467362936750874 4.6069083871933056429 -3.6779883153506597584e-16 1.406531989415220356e-16
945 2.0004325384911498809 4.606024206233374052 -4.0317576060745410641e-16 5.0447971052037980545e-16
946 2.0004199213529254564 4.601661565637823692 -4.6758615593186440056e-16 5.4948716768324479363e-16
947 2.0004081391013204261 4.599207377485362791 -4.3460661767685230399e-16 4.7646118797051435012e-16
948 2.0003976847268059025 4.5912790935236085232 -4.4341805240825426445e-16 5.216828401182349755e-16
949 2.0003880517454550869 4.5821731761929713755 -4.8609280931367746685e-16 4.5959515754452380038e-16
950 2.00037937436021096 4.562033945824457426 -3.0915329715471494316e-16 5.1695392424156785811e-16
