1 1.5684685055824089159
2 1.7496739880890981221
3 2.5524503742919628792
4 2.5264817269896627076
5 2.0189014809728574683
6 2.128633039096599616
7 2.685154527206648374
8 2.847923360389800977
9 2.796255323395646304
10 2.426986856617038235
11 2.052100873434905658
12 2.534054983125818755
13 2.874555908606870411
14 2.964055476954262648
15 2.961733034675818935
16 2.854351233152285934
17 2.459704094445810391
18 2.099853339000245149
19 2.575176033972281405
20 2.908545575196526087
21 3.00564996108936709
22 3.031203015622339355
23 3.021476308499811124
24 2.959830445429093801
25 2.734927166632040638
26 2.214371998920674791
27 2.296467464250542973
28 2.798448700979484374
29 2.986927766054007501
30 3.04466820228322307
31 3.063363776370172172
32 3.063433521853306176
33 3.044103660987717852
34 2.981590397155746748
35 2.771614041053413884
36 2.257591424504166932
37 2.27060752494598997
38 2.783081807229584203
39 2.98923135233027196
40 3.05335983848449052
41 3.07707446665349268
42 3.08524208127044862
43 3.08390824903413624
44 3.0717798515169045
45 3.0379753283137582
46 2.93913850768069091
47 2.61343553228152066
48 2.14177498747499924
49 2.48496999511696883
50 2.8950772300139875
51 3.02704062454183494
52 3.07172582971903144
53 3.08997188784286091
54 3.09749603912284375
55 3.09888890247231157
56 3.09477469442569289
57 3.08261085029313509
58 3.05312693279309792
59 2.97283455170611077
60 2.71030785232389963
61 2.19415721322561788
62 2.3766047022048839
63 2.84855808222003769
64 3.01561001684976955
65 3.07023577221331649
66 3.09247594205032609
67 3.10271670819502536
68 3.10719957933767468
69 3.10799029941100191
70 3.10536069404584017
71 3.09805555114241878
72 3.08195538724638652
73 3.04434381491717848
74 2.93832029861544177
75 2.5955616151906235
76 2.14438135045186099
77 2.5176165213368481
78 2.91111140556825135
79 3.03670899180762691
80 3.08026907850126774
81 3.09903745733952687
82 3.10820680769222597
83 3.11274190123867429
84 3.11448219686815637
85 3.11400995508194745
86 3.11112740358040126
87 3.10469990832237339
88 3.09163052938357042
89 3.06313242378663905
90 2.98921201264700789
91 2.75185228216358666
92 2.23331823761629898
93 2.33236717259285349
94 2.82563970835193289
95 3.01191020000204434
96 3.07208063507353643
97 3.09657495664104601
98 3.10839032240945701
99 3.11460925083222382
100 3.11786326630194243
101 3.11922340290155587
102 3.11906743067827187
103 3.11733217607971112
104 3.11347282405788878
105 3.10608083171296923
106 3.09164350953207671
107 3.06022686885572194
108 2.97728972421494946
109 2.70909898773420048
110 2.19587910004510185
111 2.39154014371595176
112 2.85826451365143713
113 3.02274750793415376
114 3.07712266006360153
115 3.09983005310803407
116 3.11104452695622849
117 3.11714293072217312
118 3.12056152971575741
119 3.12234631621337926
120 3.12294967354219191
121 3.12250397746767004
122 3.12089207129647013
123 3.11768458775728936
124 3.11188217898587547
125 3.10116501368435578
126 3.07951079562943122
127 3.0280968552944909
128 2.87430507136312134
129 2.4244462422144446
130 2.18035427905789432
131 2.6847281522600403
132 2.97074266851048308
133 3.05923276481827272
134 3.09254606242063083
135 3.10797765182481227
136 3.11615125337351147
137 3.1208262587748457
138 3.12356518568215523
139 3.12508453297913125
140 3.12571717361891769
141 3.12558517857295114
142 3.12465538370417195
143 3.12272454652811456
144 3.11932206004457947
145 3.1134430775716218
146 3.10281608615787377
147 3.08161528186813914
148 3.03180474203963351
149 2.88421659038051727
150 2.44553874180418025
151 2.1723886063843714
152 2.66874940510333365
153 2.96622677112672459
154 3.05828459436208292
155 3.09268168564183637
156 3.10856186289253623
157 3.11699539406586375
158 3.12187979100796354
159 3.12483651293375781
160 3.12662076534756003
161 3.12760548070856632
162 3.12796882884114595
163 3.1277693878049446
164 3.12696852922971573
165 3.1254156545125477
166 3.12278608762368252
167 3.11842399253593479
168 3.11094326384477786
169 3.09709746808492878
170 3.06800302210202145
171 2.99362254937210544
172 2.75626959225526568
173 2.23865219246308064
174 2.33564938748355531
175 2.82855243013534513
176 3.01555064642751038
177 3.07615168456012436
178 3.10101319576761541
179 3.11326702942396108
180 3.12007658560971575
181 3.12415870610966487
182 3.12670787100128805
183 3.12830540190529507
184 3.12925107007155794
185 3.1296984273095989
186 3.12971287806800179
187 3.12929377557699437
188 3.12837416598343262
189 3.12679802929047072
190 3.12426094715039327
191 3.12017182740296267
192 3.11331335136227771
193 3.10090788539390301
194 3.07559986536127674
195 3.01350578666820769
196 2.82091436641683397
197 2.32311761720422258
198 2.24985210818261128
199 2.76657909244196426
200 2.99724144334341085
201 3.06984430951334597
202 3.09848436196659748
203 3.1122466300453545
204 3.11978760614378757
205 3.12429133623376638
206 3.12712978741097263
207 3.12896480255836929
208 3.1301410366799406
209 3.1308449504950091
210 3.13117490759754862
211 3.13117287932709801
212 3.1308367266380609
213 3.13011956473690284
214 3.12891588643046786
215 3.12702702401475821
216 3.12408493350410773
217 3.11937813435429794
218 3.11141660532017617
219 3.09669238299035318
220 3.06547803896491803
221 2.98429664208164943
222 2.72340598443388521
223 2.20860717497113749
224 2.3810473764382379
225 2.85416072876221231
226 3.02397036315762687
227 3.07996687072876172
228 3.10337654294960422
229 3.11508636773271844
230 3.12168713981609568
231 3.12571715506708309
232 3.12830819988433285
233 3.13002124352511644
234 3.13115577365683643
235 3.13187885142798528
236 3.13228377943439613
237 3.13241798517733675
238 3.13229567707175703
239 3.13190141152326843
240 3.13118617587578947
241 3.13005422095244081
242 3.12833422352405951
243 3.12571856593317828
244 3.12162934961049325
245 3.11489574687813884
246 3.10287691725684396
247 3.07866231556672926
248 3.02012984694581879
249 2.84089126774250171
250 2.35638846756819938
251 2.22578531352078206
252 2.74296033700593489
253 2.99060443552694062
254 3.0680372684047358
255 3.09817516564252246
256 3.1125407477967698
257 3.12039117580913682
258 3.12509578317248536
259 3.12809735066504206
260 3.13009139274994206
261 3.13144349023525959
262 3.13235784391986405
263 3.13295251346893778
264 3.13329549276731884
265 3.13342261942512169
266 3.13334606804417883
267 3.13305707019950044
268 3.13252394560077767
269 3.13168466326857376
270 3.1304307903591388
271 3.128575168268274
272 3.12578505390016714
273 3.12143427754497193
274 3.11424354483932476
275 3.1012871572542563
276 3.07475486371689353
277 3.00898748347101192
278 2.8032046051078409
279 2.2962380474883862
280 2.2761456329033326
281 2.78836108860292791
282 3.00456645212299753
283 3.07321862955795558
284 3.1006753831046561
285 3.11401638612999184
286 3.12140744932000478
287 3.12588533768514555
288 3.12877144394017334
289 3.13071086667879656
290 3.13204654688316721
291 3.13297248352225604
292 3.13360298802586429
293 3.13400639602837696
294 3.13422228203801403
295 3.13427028887260614
296 3.13415416836515706
297 3.13386252094879989
298 3.13336649406403735
299 3.13261361705672973
300 3.13151539890370845
301 3.12992327901900085
302 3.12758056588674926
303 3.12402025590951306
304 3.11832824203948136
305 3.10852906456012997
306 3.08973977845346647
307 3.04746100029069433
308 2.92794571168353165
309 2.55149620513960909
310 2.15121914618030954
311 2.57758022792746293
312 2.93734383404080911
313 3.05053215212248823
314 3.09106114994129488
315 3.1092529016643758
316 3.11881317655821629
317 3.12440403000241353
318 3.12792589593090519
319 3.13026343250086016
320 3.13187104301348414
321 3.13300002017705655
322 3.13379710750269288
323 3.13435114658595021
324 3.13471665859519297
325 3.13492629545343138
326 3.13499746577751081
327 3.13493558813132378
328 3.13473505908208125
329 3.13437824260287927
330 3.13383216042149515
331 3.13304177490428135
332 3.13191737149331234
333 3.13031064666388544
334 3.12796735088734098
335 3.124427067336744
336 3.11879176615392131
337 3.109127610516643
338 3.0906751569542961
339 3.0493812963446034
340 2.9334327775917734
341 2.5663000458745008
342 2.1511646707748256
343 2.5633282784460356
344 2.9323919879609342
345 3.0490877277132694
346 3.0906059898719614
347 3.1091521105327617
348 3.1188703843874374
349 3.1245459867012542
350 3.1281218870556894
351 3.1305001557762463
352 3.1321434890986049
353 3.1333078195596098
354 3.1341430369803592
355 3.1347406299208081
356 3.1351578305807912
357 3.1354304945998623
358 3.1355801745290876
359 3.1356179610937018
360 3.1355463293357907
361 3.1353595358174426
362 3.1350426797742337
363 3.1345691585013603
364 3.1338957420372559
365 3.1329536084503429
366 3.1316318846907312
367 3.1297462263838867
368 3.1269752300312932
369 3.122721542726943
370 3.1157774775265081
371 3.1034125782131003
372 3.0784432810938437
373 3.0176979920290712
374 2.8305067785931005
375 2.3380662668303534
376 2.2413967286583156
377 2.7584152180201269
378 2.9959549894327471
379 3.0705789347996977
380 3.0998912469832458
381 3.113966903093255
382 3.1217140317166436
383 3.1263983437821169
384 3.1294266863469772
385 3.1314815849898883
386 3.1329251245173784
387 3.1339630100643711
388 3.1347184055963967
389 3.135267965903389
390 3.1356605804779844
391 3.1359276093784927
392 3.1360886460032908
393 3.1361547630360042
394 3.1361302156517172
395 3.1360130684914735
396 3.1357949093337356
397 3.1354595756163855
398 3.1349805532257214
399 3.1343162956007606
400 3.1334019492044718
401 3.1321344058395129
402 3.130344125732988
403 3.1277388347343082
404 3.1237823453479331
405 3.117408083190248
406 3.1062554496102398
407 3.0842906848390651
408 3.0327703257006665
409 2.8796652345228166
410 2.4321680862021327
411 2.1834243093471908
412 2.6852635499101578
413 2.9734602795284042
414 3.0628809774063662
415 3.0966178773797936
416 3.1123649036754369
417 3.1208689990350393
418 3.1259453571645291
419 3.1291993110763721
420 3.1313962994061943
421 3.1329372046801217
422 3.1340476760175228
423 3.1348620467148371
424 3.1354638094515383
425 3.1359065021580051
426 3.136225078654854
427 3.1364423514668776
428 3.1365727257431321
429 3.1366243457677782
430 3.1366002303575185
431 3.1364986779409034
432 3.1363130369768281
433 3.1360307877617634
434 3.1356317121698233
435 3.1350846722656625
436 3.1343420616829503
437 3.1333300925245791
438 3.131931171429717
439 3.1299502832345558
440 3.127046663870679
441 3.1225834406941872
442 3.1152619057471759
443 3.1021099573750456
444 3.0751756180270344
445 3.008250580114569
446 2.7984577774242839
447 2.2895287989613725
448 2.2848219734607894
449 2.794982424271565
450 3.0072220661402919
451 3.0748279261595181
452 3.1019833878491958
453 3.1152297824865789
454 3.1226024588756688
455 3.1270995279829956
456 3.1300294995036326
457 3.1320335701453075
458 3.1334547171216308
459 3.1344892864744633
460 3.1352558316082748
461 3.1358289737432023
462 3.1362571648655983
463 3.1365725013904709
464 3.1367963675813156
465 3.1369427673540116
466 3.1370203008826393
467 3.1370332911509733
468 3.1369823233452928
469 3.1368643155997281
470 3.1366721362422016
471 3.13639368441067
472 3.1360102242765612
473 3.1354935604889088
474 3.1348012753333851
475 3.1338685292158875
476 3.1325934261428318
477 3.1308096077276113
478 3.128231748212538
479 3.1243387694660707
480 3.1180991639881432
481 3.1072434656851493
482 3.0860162431218484
483 3.036722477722912
484 2.8918478582972701
485 2.4592644050057441
486 2.1724954607968654
487 2.6631096512157964
488 2.9665695802307408
489 3.0607329143969999
490 3.0958598795439878
491 3.1121244823671132
492 3.1208633299256234
493 3.1260642947799242
494 3.129394211897694
495 3.1316440505671962
496 3.1332267051723548
497 3.1343741613940268
498 3.1352245237616325
499 3.1358638667176587
500 3.1363478000496279
501 3.1367132242103713
502 3.1369850362576147
503 3.1371800917561127
504 3.1373095985341652
505 3.1373805664701858
506 3.137396652017862
507 3.1373585784352558
508 3.1372642166578942
509 3.1371083427341709
510 3.1368820236205947
511 3.1365715040142403
512 3.136156346052567
513 3.1356063642084733
514 3.134876505238812
515 3.1338980425175721
516 3.132562809263909
517 3.1306935015436687
518 3.1279841525137135
519 3.1238713047016631
520 3.1172271132728048
521 3.1055329525329838
522 3.0822704813149361
523 3.0268551257557079
524 2.8594421524161613
525 2.3900793165434535
526 2.20651757789043
527 2.71959357705799
528 2.9844253434714902
529 3.0669003422981411
530 3.098592288744775
531 3.113582672555179
532 3.1217552865417595
533 3.1266705178105544
534 3.1298427754235462
535 3.1320001338409886
536 3.1335265036640494
537 3.1346393396117402
538 3.1354689847665018
539 3.1360971829178859
540 3.1365770788327799
541 3.1369441960782443
542 3.137222742227174
543 3.1374293639022215
544 3.1375754424969114
545 3.1376685151555552
546 3.1377131435850933
547 3.1377114100027094
548 3.137663135476176
549 3.1375658607761064
550 3.1374145862599315
551 3.1372012227236014
552 3.1369136466604681
553 3.1365341621387985
554 3.1360370138712149
555 3.1353843049669845
556 3.134519105522472
557 3.1333533715515403
558 3.1317457487695225
559 3.1294583918897393
560 3.1260668774780916
561 3.1207552454773091
562 3.1117957256562367
563 3.0950276098191863
564 3.0585176926629897
565 2.9595657399884954
566 2.6411880776568539
567 2.1642323652603584
568 2.4850214898538616
569 2.9028043440127777
570 3.0402928871834417
571 3.0875826998404079
572 3.1081419804521605
573 3.1187292076220714
574 3.1248485396769668
575 3.1286864000776631
576 3.1312420769702762
577 3.133022625838245
578 3.1343068034029803
579 3.135257817888815
580 3.135976160880638
581 3.136526271973049
582 3.1369508391278963
583 3.1372788625094514
584 3.1375303937130178
585 3.1377194152511208
586 3.1378556331842134
587 3.1379456067679184
588 3.1379934540924325
589 3.1380012696721949
590 3.1379693288343543
591 3.1378961138452277
592 3.1377781661511464
593 3.137609739690581
594 3.1373821941889827
595 3.1370830143532232
596 3.1366942537048753
597 3.1361900479754159
598 3.135532556931404
599 3.1346651349285279
600 3.1335003820301566
601 3.1318982246326396
602 3.1296233372449758
603 3.1262564606812986
604 3.1209930472855639
605 3.1121334343124069
606 3.0955971692014835
607 3.059729733858526
608 2.9630170264587276
609 2.651583477738694
610 2.1680116232390935
611 2.4733011598233274
612 2.8979765151549469
613 3.0388477414628703
614 3.0870654517142035
615 3.1079413140144955
616 3.1186620392384917
617 3.124847438251836
618 3.1287224552233599
619 3.1313015119829586
620 3.1330984193322026
621 3.1343952786894231
622 3.1353571127238204
623 3.1360854898986617
624 3.1366455549203284
625 3.1370805124317922
626 3.1374197910382271
627 3.1376838434356393
628 3.1378870685603147
629 3.1380396398682669
630 3.1381486706230288
631 3.1382189606846767
632 3.1382534664015012
633 3.1382535755435991
634 3.138219232289741
635 3.1381489319439838
636 3.1380395845567002
637 3.1378862259232941
638 3.137681528430158
639 3.1374150259075183
640 3.1370719043497555
641 3.1366311024420694
642 3.1360622695909519
643 3.1353207558339189
644 3.134339063203294
645 3.133011620858309
646 3.1311662389750673
647 3.128507157077442
648 3.1244924520011637
649 3.1180439346429605
650 3.1067726050135269
651 3.0845603205448728
652 3.0323510178716804
653 2.8768099160312654
654 2.4254223470061068
655 2.1877368595322162
656 2.6918817128038946
657 2.9759554028135697
658 3.0641646779791725
659 3.097560578418072
660 3.1131922020067991
661 3.1216560303191284
662 3.1267240035969816
663 3.1299865830561266
664 3.1322035269875779
665 3.1337735689732214
666 3.1349218077265348
667 3.135782900100501
668 3.1364412633034147
669 3.1369518840616152
670 3.1373517174957714
671 3.1376662334870319
672 3.1379133282474211
673 3.1381057398210656
674 3.1382525795589952
675 3.1383603214509296
676 3.1384334463299853
677 3.1384748569543303
678 3.1384861326190049
679 3.138467662695609
680 3.1384186788494283
681 3.1383371905968749
682 3.1382198148287435
683 3.1380614737667499
684 3.1378549136764479
685 3.1375899626143094
686 3.1372523892470166
687 3.1368221270799697
688 3.1362704512901601
689 3.1355553602771374
690 3.1346137504669073
691 3.1333475889331755
692 3.1315982237802689
693 3.1290956904173921
694 3.1253510479914559
695 3.1194058681470467
696 3.1091777442796099
697 3.0894736529532497
698 3.0446806829689047
699 2.9162873142513386
700 2.5185942557930705
701 2.1567292092343286
702 2.6112760510013941
703 2.9497393407205744
704 3.0554475318263054
705 3.0938991063414119
706 3.1113764375195696
707 3.1206534358792074
708 3.1261316848949722
709 3.1296231867095728
710 3.1319782802377063
711 3.133637234446354
712 3.1348459842841133
713 3.1357504265021444
714 3.136441422214429
715 3.1369778554086259
716 3.137399159052989
717 3.1377324600150256
718 3.1379968255413299
719 3.1382058760198303
720 3.1383694394066358
721 3.1384946228151422
722 3.1385865172410856
723 3.1386486630406499
724 3.1386833528894153
725 3.1386918183669961
726 3.1386743268937662
727 3.1386302023452743
728 3.1385577721246672
729 3.1384542335105777
730 3.1383154206208201
731 3.138135437781895
732 3.137906101615798
733 3.137616096191274
734 3.1372496811776053
735 3.136784679179245
736 3.1361892594672942
737 3.1354166350746291
738 3.1343959868636327
739 3.1330162269761857
740 3.1310953796118179
741 3.1283190523010155
742 3.1241067984945828
743 3.117292269435833
744 3.1052566713691251
745 3.0811712572003109
746 3.0232584898577796
747 2.8466853843784662
748 2.365793093911942
749 2.2229135118802536
750 2.739034160043522
751 2.9906655424759571
752 3.0693406480688917
753 3.0999012682221942
754 3.114469762815666
755 3.1224576209860302
756 3.1272841889913452
757 3.130413106896026
758 3.1325514496762309
759 3.1340735351741511
760 3.1351921521000675
761 3.1360353340160766
762 3.1366837572060171
763 3.1371902269073005
764 3.1375904122678067
765 3.1379090430385907
766 3.138163630811453
767 3.1383667798737788
768 3.1385276631676898
769 3.1386529866856239
770 3.1387476301070782
771 3.1388150757768072
772 3.1388576942642621
773 3.1388769283513614
774 3.1388734006734076
775 3.1388469590690851
776 3.1387966653944826
777 3.1387207263893272
778 3.1386163577408744
779 3.1384795632840269
780 3.1383047983075556
781 3.1380844660636842
782 3.1378081643953993
783 3.1374615450701335
784 3.1370245532679053
785 3.1364686417698909
786 3.1357522273606266
787 3.1348130100814465
788 3.1335544292423222
789 3.1318205546282883
790 3.1293466605629952
791 3.1256545639491862
792 3.1198099883754764
793 3.1097916142978401
794 3.0905875455244508
795 3.0472446287806686
796 2.9241054650283173
797 2.5389833402370407
798 2.1540550253381348
799 2.5922936761130724
800 2.9432980999383348
801 3.0534256259371134
802 3.0931313869238603
803 3.1110583244440497
804 3.1205315937305408
805 3.1261090242227723
806 3.1296567445494627
807 3.1320469838121405
808 3.1337299833431184
809 3.1349566742554276
810 3.1358756657760571
811 3.1365794037097646
812 3.1371277684076214
813 3.1375608713852376
814 3.1379063451927261
815 3.1381836730672497
816 3.1384068534217748
817 3.1385860899500602
818 3.1387288912696488
819 3.1388408011849689
820 3.1389258907941755
821 3.1389870922785485
822 3.1390264238094304
823 3.1390451363627832
824 3.1390438012921979
825 3.1390223493846004
826 3.1389800660467847
827 3.1389155420533819
828 3.1388265739651869
829 3.138710001910779
830 3.1385614636297321
831 3.1383750305483603
832 3.1381426709375502
833 3.1378534511288843
834 3.1374923277393218
835 3.1370382815958754
836 3.136461357186561
837 3.1357178160322116
838 3.1347419049772292
839 3.1334312572759361
840 3.1316196405641751
841 3.1290228605650044
842 3.1251230211341992
843 3.1188967063536417
844 3.1080962884852621
845 3.0870342322621314
846 3.0382742631356827
847 2.8954431657842221
848 2.4669774544580207
849 2.1706834530459457
850 2.6576035609663806
851 2.9651759614096169
852 3.0606823065134694
853 3.0962123270656805
854 3.112633891074065
855 3.1214508676820746
856 3.1267005954302331
857 3.1300677964744685
858 3.1323510838872592
859 3.1339671600432427
860 3.1351502398558469
861 3.1360399864712082
862 3.1367237762677787
863 3.1372584815205089
864 3.1376823625271378
865 3.1380218812131934
866 3.1382957682005293
867 3.1385175369767003
868 3.13869708544282
869 3.1388417424845399
870 3.13895696648233
871 3.1390468191595007
872 3.1391142902623277
873 3.1391615201864272
874 3.1391899502976373
875 3.1392004196785232
876 3.1391932197073181
877 3.1391681126600423
878 3.139124316402871
879 3.1390604534739807
880 3.1389744587938164
881 3.1388634351692556
882 3.1387234386917621
883 3.1385491655595154
884 3.1383334952568018
885 3.1380668179880334
886 3.1377360287681765
887 3.1373229915040497
888 3.1368021341969379
889 3.1361365707773655
890 3.1352716273146433
891 3.134123590593234
892 3.1325592018433537
893 3.1303561065821746
894 3.1271211686178335
895 3.1221069048839562
896 3.1137527516815175
897 3.0983708129989006
898 3.0656505432563526
899 2.9797446345756952
900 2.7033926341337168
901 2.1952162517569627
902 2.4117653696254274
903 2.8704325824415133
904 3.0306046689006033
905 3.0840831419152384
906 3.1067238667855307
907 3.1181776722225819
908 3.1247200816697072
909 3.1287916426070329
910 3.1314905849642114
911 3.1333677481405459
912 3.1347233359200163
913 3.135732000187959
914 3.1365008357366069
915 3.1370984064305108
916 3.1375702115370606
917 3.1379473681358894
918 3.1382517047863292
919 3.138498864376463
920 3.1387002563821487
921 3.138864319871595
922 3.1389973602525722
923 3.139104114680548
924 3.1391881400087145
925 3.1392520815540923
926 3.1392978595408718
927 3.1393267968084785
928 3.1393397028632323
929 3.1393369236612958
930 3.1393183624637802
931 3.1392834739497773
932 3.1392312309727412
933 3.1391600604461888
934 3.1390677413691458
935 3.1389512533368323
936 3.1388065571202588
937 3.1386282785795206
938 3.1384092508252723
939 3.1381398428050788
940 3.1378069574326002
941 3.1373925040441028
942 3.136871009110957
943 3.1362057661597955
944 3.1353424135647689
945 3.1341977811672924
946 3.1326395796704511
947 3.1304472659973497
948 3.1272313103752661
949 3.1222520367411289
950 3.1139677368739068
951 3.0987431399074871
952 3.0664453898830814
953 2.9819688085967561
954 2.7104388114625605
955 2.2000879611060726
956 2.4030067518789752
957 2.8661610743272154
958 3.0293281878433655
959 3.0836197748815798
960 3.1065291224242781
961 3.118093043693955
962 3.1246883957812097
963 3.128788650742129
964 3.1315047153571368
965 3.1333929832246468
966 3.1347563492521669
967 3.1357708797205161
968 3.1365444658683891
969 3.1371461488104567
970 3.1376217316068512
971 3.1380025373522517
972 3.1383105444115364
973 3.1385615133742363
974 3.138766954128079
975 3.1389353986180509
976 3.1390732445987948
977 3.139185326640866
978 3.1392753091181464
979 3.1393459600503925
980 3.1393993431582075
981 3.139436952203899
982 3.1394598032474753
983 3.1394684948952151
984 3.1394632428021529
985 3.1394438918910903
986 3.1394099074916286
987 3.1393603445269357
988 3.1392937916675195
989 3.1392082846850866
990 3.1391011796235587
991 3.1389689711885816
992 3.1388070338719511
993 3.1386092509839834
994 3.1383674768628076
995 3.1380707445124998
996 3.1377040745277197
997 3.1372466417476254
998 3.1366688745856832
999 3.1359277173264584
1000 3.1349586011753766
